290682.0 35540.043888889 
261254.0 36605.816666666826 
278308.0 35886.1116666668 
281998.0 35883.976111111246 
248067.0 38093.491666666494 
257749.0 36792.88194444461 
222758.0 42760.98 
234366.0 39880.75416666672 
229517.0 41083.39749999991 
245040.0 38369.91805555559 
235754.0 39559.43750000005 
256306.0 37010.329166666845 
227072.0 41692.953333333535 
251704.0 37629.012500000186 
284375.0 35745.705000000125 
210485.0 45503.932222222225 
255148.0 37137.77638888908 
207371.0 46376.86055555544 
287358.0 35716.80666666679 
274852.0 35967.47000000034 
232004.0 40474.74166666672 
235587.0 39677.20972222227 
245035.0 38582.8041666667 
237876.0 39482.03388888871 
251502.0 37637.01250000019 
233867.0 40117.18472222227 
287728.0 35556.94222222233 
230676.0 40814.28611111116 
243652.0 38691.23472222225 
232811.0 40119.8555555556 
257209.0 36885.77638888906 
228294.0 41307.74055555562 
272001.0 36091.77277777792 
273413.0 36085.8405555557 
238713.0 39389.615277778044 
271585.0 36117.8405555557 
275354.0 35903.01000000014 
285787.0 35739.7727777779 
254727.0 37331.45833333336 
276766.0 35897.077777777915 
289140.0 35551.01000000011 
184356.0 53132.84111111153 
185882.0 52668.11777777778 
188675.0 52263.87555555595 
191388.0 51025.921666666654 
189614.0 51780.76222222261 
190327.0 51456.20555555595 
193545.0 50416.55833333332 
192485.0 50727.38777777816 
187412.0 52436.11777777778 
188248.0 52279.727777778186 
240235.0 39079.27499999991 
253866.0 37548.3249999999 
282806.0 35871.283333333246 
241475.0 38924.33333333324 
246084.0 38326.86111111108 
250239.0 37712.484444444395 
247483.0 38148.2572222222 
244356.0 38687.841666666674 
242737.0 38843.45999999981 
249210.0 37917.27666666663 
212596.0 45098.11944444409 
140907.0 71966.84833333343 
144173.0 69196.97000000016 
178393.0 54276.62166666655 
145157.0 67764.29333333366 
153773.0 62200.996666666746 
160533.0 59334.829166666685 
177704.0 54492.548333333216 
153234.0 62482.90166666675 
160101.0 59925.38972222224 
159757.0 59952.32694444446 
157862.0 60541.50333333341 
161841.0 58532.268611111125 
144600.0 68468.48444444478 
141217.0 71837.94833333365 
145873.0 67349.54000000012 
175972.0 54818.95666666655 
161170.0 58928.017500000016 
142763.0 70173.9772222223 
162799.0 58210.39416666669 
170888.0 56041.3066666667 
166010.0 56845.27305555558 
151509.0 63632.42666666676 
154913.0 62055.02833333343 
150499.0 64186.23666666676 
142539.0 70780.57444444476 
175684.0 55162.871666666695 
156361.0 61091.37666666674 
151971.0 63470.45833333343 
150941.0 63902.300000000105 
148613.0 65628.20500000009 
142617.0 70676.05388888897 
157556.0 60869.37666666674 
179724.0 54123.73166666655 
143545.0 69558.22111111118 
183401.0 53305.39666666655 
163777.0 57764.770833333365 
171384.0 55715.55777777781 
148297.0 65800.17333333343 
184782.0 53112.50666666655 
166571.0 56623.398611111144 
146024.0 67225.57166666679 
164448.0 57369.021944444474 
160684.0 59209.89194444446 
161811.0 58754.14305555557 
158503.0 60309.56666666673 
172732.0 55624.73666666655 
148919.0 65300.33166666675 
148136.0 66106.01500000012 
155758.0 61445.25000000009 
147122.0 66539.79333333345 
143068.0 70034.29777777789 
176470.0 54606.548333333216 
144199.0 68752.14444444457 
146500.0 66935.66666666679 
150080.0 64622.55333333342 
180969.0 53727.804999999884 
165300.0 57007.14750000003 
147740.0 66505.82500000011 
165127.0 57306.08472222225 
179725.0 53994.76833333322 
152612.0 62878.77500000008 
171294.0 55846.49500000003 
142000.0 71197.41277777786 
152549.0 63236.680000000095 
181830.0 53562.43333333322 
173297.0 55420.73666666655 
155068.0 61851.123333333424 
141839.0 71443.63055555586 
174922.0 55216.883333333215 
169619.0 56129.961666666546 
149584.0 65142.36333333342 
152928.0 62810.77500000009 
150815.0 64118.23666666677 
181566.0 53577.39666666655 
173561.0 55405.773333333214 
167616.0 56471.88833333321 
149774.0 64950.42666666675 
225832.0 41833.26833333343 
228794.0 41210.32666666678 
219415.0 43155.40666666643 
220451.0 42925.1750000001 
223175.0 42479.22166666676 
224000.0 42248.233333333425 
221038.0 42782.18666666677 
228115.0 41408.30333333344 
210422.0 45583.930000000095 
226871.0 41796.473888888686 
227244.0 41459.29166666677 
218719.0 43303.12833333343 
208119.0 46223.860000000095 
224587.0 42105.2450000001 
209969.0 45646.8950000001 
205084.0 47087.65277777754 
189316.0 52195.57333333361 
194029.0 50293.71611111138 
193200.0 50577.71611111138 
231524.0 40755.71999999986 
217597.0 43551.47999999986 
216946.0 43825.39666666667 
215917.0 43970.4494444442 
212122.0 45109.30999999996 
210834.0 45445.00333333329 
213540.0 44631.4633333333 
215528.0 44148.999999999956 
207435.0 46340.38999999996 
212869.0 44750.386666666636 
214737.0 44214.846666666635 
189380.0 51988.24666666663 
194287.0 50157.47333333331 
217181.0 43601.79777777755 
231109.0 40803.71999999986 
214257.0 44329.984999999746 
202930.0 47453.75083333307 
195039.0 49892.640833333055 
210903.0 45316.84249999976 
203759.0 47238.75694444418 
199655.0 48348.720277777495 
196023.0 49576.65916666639 
198671.0 48664.70194444416 
208484.0 45897.14138888877 
199507.0 48493.04027777765 
195443.0 49674.640833333055 
212806.0 44883.21361111099 
200740.0 48060.04749999987 
209313.0 45682.148611110984 
196683.0 49284.96805555542 
207553.0 46271.78138888864 
198267.0 48882.70194444416 
216846.0 43965.909722221986 
197512.0 49069.975277777645 
266662.0 36159.0822222221 
262143.0 36597.20666666652 
204373.0 47100.66111111078 
242372.0 38912.21000000012 
229823.0 41065.36111111084 
251171.0 37661.60500000031 
264028.0 36357.19833333362 
260074.0 36697.67555555541 
206467.0 46417.62777777744 
203207.0 47255.78166666624 
248983.0 38087.0738888892 
243373.0 38773.83722222195 
207824.0 46241.46499999959 
201091.0 47902.72666666663 
240317.0 38948.57000000003 
238755.0 39132.77777777753 
205185.0 46678.79166666624 
201683.0 47665.167777777744 
249998.0 37716.97222222253 
206150.0 46663.62777777744 
200488.0 48135.064999999966 
237184.0 39542.97222222198 
211546.0 45296.138333332936 
202592.0 47471.44499999958 
240199.0 39082.51111111114 
274290.0 36067.81666666658 
198017.0 49008.59333333287 
212720.0 44908.811666666275 
265488.0 36234.14444444432 
237919.0 39426.45555555531 
197402.0 49224.25666666621 
194853.0 50036.75666666663 
202128.0 47515.608888888855 
196493.0 49417.30055555552 
263072.0 36427.67555555543 
265842.0 36183.55111111099 
