267275.0 35694.11111111089 
265715.0 35888.1111111109 
266606.0 35879.66666666645 
250972.0 36882.799999999945 
252216.0 36684.59444444453 
249806.0 36891.44444444439 
247078.0 37286.243888888726 
248322.0 37075.41555555565 
273700.0 35634.55555555532 
278254.0 35463.444444444205 
267932.0 35690.11111111089 
258318.0 36261.88888888867 
264783.0 35892.1111111109 
277597.0 35467.444444444205 
283365.0 35411.88888888864 
275501.0 35582.111111110884 
272197.0 35672.111111110884 
285823.0 35355.444444444205 
262532.0 35894.77777777756 
219038.0 43077.02500000005 
245771.0 37508.394999999924 
218171.0 43408.016666666714 
294546.0 35354.61500000026 
244106.0 37526.440000000184 
218179.0 43365.80833333323 
217001.0 43511.06583333323 
220119.0 42611.9399999999 
220743.0 42348.6824999999 
222165.0 42199.4249999999 
219259.0 42959.27777777806 
221265.0 42258.4749999999 
200764.0 47539.1700000002 
193326.0 50632.50000000019 
202404.0 47238.80000000021 
218730.0 43215.63999999956 
214817.0 43872.63000000021 
213746.0 44284.84666666665 
180864.0 56891.31333333356 
194574.0 50058.97000000019 
199018.0 48271.9100000002 
210719.0 45035.61666666663 
170581.0 66270.79555555583 
177234.0 59902.50499999977 
209641.0 45234.5300000002 
200052.0 47811.170000000195 
195875.0 49174.2300000002 
207809.0 45808.060000000216 
217809.0 43422.68999999997 
208639.0 45436.11000000021 
215781.0 43750.3833333333 
196824.0 48819.0700000002 
188283.0 52601.937777777544 
181518.0 56365.062222221975 
171244.0 65218.68000000028 
192273.0 50955.4333333331 
175731.0 61240.543888889275 
207031.0 46137.926666666644 
173199.0 62833.435555555945 
197826.0 48617.4900000002 
172553.0 63612.992222222616 
178021.0 59152.82166666642 
178667.0 58368.211666666444 
183971.0 55090.97111111087 
173938.0 62120.02666666705 
171983.0 64519.3311111106 
204021.0 46645.220000000205 
204755.0 46406.85000000021 
203271.0 46999.61999999998 
180109.0 57563.88888888864 
174819.0 61546.32222222261 
201498.0 47300.8000000002 
216807.0 43624.536666666645 
211728.0 44598.580000000205 
212730.0 44397.00000000021 
205757.0 46205.27000000021 
218395.0 43324.878888888874 
214368.0 44282.601111111326 
218429.0 43282.98999999989 
194084.0 50447.52944444489 
176463.0 60529.422222222194 
191487.0 51238.63777777822 
186510.0 53136.44444444439 
185934.0 53710.79777777794 
243595.0 37628.38222222248 
179886.0 57623.24444444442 
187610.0 52691.354999999865 
189420.0 51991.02722222209 
231411.0 39303.76999999988 
192449.0 50902.26833333378 
193045.0 50753.89888888933 
226850.0 40587.29111111098 
194757.0 49744.58166666653 
178420.0 58551.02222222219 
227803.0 40209.233333333636 
180124.0 57006.933333333305 
219342.0 42942.274444444294 
229561.0 39761.50111111098 
223638.0 41788.23722222255 
220446.0 42522.812222222085 
188560.0 52272.7583333332 
228721.0 39899.33777777807 
238511.0 38127.80388888916 
239884.0 37948.856111111374 
181207.0 56504.393333333464 
181789.0 55927.4222222222 
241859.0 37829.803888889146 
232192.0 39036.70333333361 
233110.0 38726.80777777805 
253534.0 36576.69111111134 
252596.0 36625.31555555561 
225932.0 40737.291111110986 
260457.0 36048.824722222445 
225172.0 40933.291111110986 
195689.0 49436.850555555415 
207575.0 46060.35722222261 
179239.0 57706.39999999997 
224299.0 41360.75333333321 
236262.0 38332.06888888916 
190389.0 51469.13222222208 
182480.0 55605.531666666546 
230493.0 39453.76999999988 
177538.0 59207.733055555975 
234124.0 38539.49055555583 
235230.0 38374.54277777805 
237276.0 38144.75166666694 
242965.0 37664.85611111137 
258849.0 36050.824722222445 
254298.0 36372.17694444467 
240791.0 37856.96055555582 
251599.0 36784.75 
184815.0 54244.24444444439 
257336.0 36262.32000000005 
267003.0 35877.444166666886 
184066.0 54791.741666666545 
183340.0 55323.800555555434 
192915.0 50885.97000000039 
192097.0 51132.85833333372 
191285.0 51430.635000000395 
193605.0 50601.30500000039 
194417.0 50303.52833333373 
223951.0 41607.38944444415 
213544.0 44392.496666666746 
220230.0 42611.05611111112 
219416.0 42723.56944444465 
211080.0 45024.49666666674 
222252.0 42001.24888888898 
218712.0 43232.69555555565 
214409.0 44104.86555555563 
222960.0 41926.29555555523 
215328.0 43811.05000000008 
