0.0 342.0 
124494.0 -415.60305404663086 
0.0 342.0 
124494.0 -415.60305404663086 
27738.0 -191.07221603393555 
43342.0 -204.82861328125 
7452.0 276.37889099121094 
23700.0 -26.672222137451172 
10121.0 213.14443969726562 
24826.0 -108.29332733154297 
49086.0 -295.366943359375 
24212.0 -107.47499465942383 
44720.0 -278.76889419555664 
7452.0 276.37889099121094 
21716.0 -21.564998626708984 
14894.0 126.14778137207031 
17390.0 48.67694091796875 
10121.0 213.14443969726562 
13033.0 141.54332733154297 
52551.0 -367.2488899230957 
18004.0 47.605831146240234 
56538.0 -376.9947204589844 
67531.0 -378.3222236633301 
37298.0 -196.35556030273438 
93423.0 -398.6255569458008 
37298.0 -196.35556030273438 
98865.0 -402.2911148071289 
54156.0 -375.1980514526367 
111183.0 -406.6352767944336 
14894.0 126.14778137207031 
21716.0 -21.564998626708984 
116222.0 -413.4297218322754 
120684.0 -414.36555099487305 
77855.0 -385.6497230529785 
107130.0 -406.10361099243164 
89525.0 -397.3211097717285 
124049.0 -414.51139068603516 
97110.0 -400.472225189209 
81936.0 -389.4638900756836 
18004.0 47.605831146240234 
27738.0 -191.07221603393555 
49086.0 -295.366943359375 
74265.0 -384.06277084350586 
78346.0 -387.87693786621094 
52551.0 -367.2488899230957 
120684.0 -414.36555099487305 
46704.0 -293.52693939208984 
116222.0 -413.4297218322754 
112901.0 -413.0305595397949 
107130.0 -406.10361099243164 
103809.0 -405.7044486999512 
13033.0 141.54332733154297 
14274.0 138.78444290161133 
69307.0 -382.01861572265625 
101565.0 -404.1972236633301 
24826.0 -108.29332733154297 
83099.0 -391.29805755615234 
46429.0 -286.63416290283203 
85661.0 -393.76388931274414 
43342.0 -204.82861328125 
17390.0 48.67694091796875 
44720.0 -278.76889419555664 
56538.0 -376.9947204589844 
71612.0 -382.13639068603516 
73856.0 -383.2813911437988 
71612.0 -382.13639068603516 
97110.0 -400.472225189209 
87281.0 -395.4138870239258 
85661.0 -393.76388931274414 
89036.0 -396.48278045654297 
101631.0 -404.7552833557129 
87281.0 -395.4138870239258 
53165.0 -368.05750274658203 
103320.0 -404.8661079406738 
83099.0 -391.29805755615234 
46429.0 -286.63416290283203 
68657.0 -379.964168548584 
81936.0 -389.4638900756836 
23700.0 -26.672222137451172 
67531.0 -378.3222236633301 
112412.0 -412.1922187805176 
111592.0 -407.0394401550293 
53165.0 -368.05750274658203 
14274.0 138.78444290161133 
112412.0 -412.1922187805176 
68657.0 -379.964168548584 
111592.0 -407.0394401550293 
89525.0 -397.3211097717285 
74265.0 -384.06277084350586 
78346.0 -387.87693786621094 
89036.0 -396.48278045654297 
77937.0 -387.0955581665039 
24212.0 -107.47499465942383 
103400.0 -405.3002815246582 
73856.0 -383.2813911437988 
46704.0 -293.52693939208984 
112901.0 -413.0305595397949 
103809.0 -405.7044486999512 
77937.0 -387.0955581665039 
103320.0 -404.8661079406738 
