1.3133863E7 -6186.424673080444 
1.1223032E7 14391.040380477905 
1.2956307E7 -3357.2607975006104 
1.2883454E7 -3237.4933948516846 
1.2627463E7 -1557.5075073242188 
1.3244897E7 -6968.066446304321 
1.3877323E7 -7182.724643707275 
1.2312328E7 382.47033500671387 
1.328732E7 -7109.975925445557 
1.3330424E7 -7148.440799713135 
1.1164827E7 17268.175468444824 
1.2985276E7 -5077.548271179199 
1.1563522E7 5234.810607910156 
1.3072782E7 -5626.819641113281 
1.169727E7 2790.861089706421 
1.2673535E7 -2119.442539215088 
1.2845277E7 -2229.749683380127 
1.3100753E7 -5829.427118301392 
1.1362976E7 9644.280368804932 
1.1235535E7 10724.469512939453 
1.2505271E7 -1052.6619567871094 
1.1166922E7 16159.236070632935 
1.4045731E7 -8527.550493240356 
1.252547E7 -1445.1761417388916 
1.1435582E7 8087.9250774383545 
1.2283319E7 557.5308303833008 
1.1668415E7 4081.3630981445312 
1.2381448E7 -197.16337394714355 
1.143893E7 5801.010461807251 
1.1734993E7 2063.3644638061523 
1.1379162E7 9345.634244918823 
1.1215651E7 15277.009578704834 
1.1224585E7 13862.289464950562 
1.1384821E7 9164.664503097534 
1.1104549E7 17647.675971984863 
1.246709E7 -210.33240509033203 
1.1823454E7 1705.8628215789795 
1.1316946E7 10674.756427764893 
