8064293.0 -90716.66646938026 
6398527.0 -85821.42916819919 
6464840.0 -85909.69188879523 
6370424.0 -84904.05620395113 
6451086.0 -85901.99249644857 
7152641.0 -89032.0109200941 
6776146.0 -87836.39301090688 
6491750.0 -87056.92500812933 
6041193.0 -82606.99789714254 
6319377.0 -84753.71354929823 
7961609.0 -90340.73828430474 
6657418.0 -87390.2363735782 
5715048.0 -76667.70937721059 
8013197.0 -90571.51188697107 
7916085.0 -90267.30155791715 
5765159.0 -77451.37281848118 
6394315.0 -85370.38249380235 
6081674.0 -82737.82020033337 
5754823.0 -77076.88163191453 
7890193.0 -89951.26048091426 
6315867.0 -84671.853042108 
6487531.0 -85965.3474025242 
6200460.0 -83835.60193290561 
5782751.0 -77766.41725936532 
7083186.0 -88346.25101924525 
5808516.0 -80424.63446088135 
6248195.0 -84342.84863111377 
7258474.0 -89448.16327922046 
7964659.0 -90454.07525788434 
7032335.0 -88100.19882098422 
6489858.0 -86564.12046977691 
6032410.0 -82545.50911352644 
6268994.0 -84483.2830592934 
5792868.0 -79187.30113174766 
5955486.0 -82135.00828526169 
6765979.0 -87449.7659040913 
6125631.0 -83555.03855841747 
6605580.0 -87281.98489697278 
6087967.0 -83120.59402164072 
6445537.0 -85863.3885711478 
5910510.0 -81091.06785755325 
5844581.0 -80653.78103892133 
6271307.0 -84529.73694441654 
