000000000000000000000000000000
0.0
-0.0
--------------------
000000000000000000000000010000
265.0
55.0
--------------------
000000000100000000000000000000
336.0
94.0
--------------------
000000000100000000000000010000
601.0
149.0
--------------------
000000000100000000000000011000
902.0
180.0
--------------------
000000000100000000001000010000
1000.0
201.0
--------------------
000000000100000000000000110000
1253.0
213.0
--------------------
000000000100000000001000011000
1301.0
232.0
--------------------
000000000100000000000000111000
1554.0
244.0
--------------------
000000000100000000001000110000
1652.0
265.0
--------------------
000000000100000000001000111000
1953.0
296.0
--------------------
000000000100000000001000110001
2367.0
310.0
--------------------
000000000100000000001000111001
2668.0
341.0
--------------------
000000000100000100001000110001
3553.0
352.0
--------------------
000000000100000000001001111000
3774.0
369.0
--------------------
000000000100000100001000111001
3854.0
383.0
--------------------
000001000100000000001000111000
4104.0
385.0
--------------------
000000000100100000001000111000
4266.0
386.0
--------------------
000000000100000000001001111001
4489.0
414.0
--------------------
000001000100000000001000111001
4819.0
430.0
--------------------
000000000100100000001000111001
4981.0
431.0
--------------------
000000000100000001001001111000
5635.0
433.0
--------------------
000000000100000100001001111001
5675.0
456.0
--------------------
000001000100000000001001111000
5925.0
458.0
--------------------
000001000100000100001000111001
6005.0
472.0
--------------------
000000000100100100001000111001
6167.0
473.0
--------------------
000000000100000001001001111001
6350.0
478.0
--------------------
000001000100000000001001111001
6640.0
503.0
--------------------
000000000100100000001001111001
6802.0
504.0
--------------------
000001000100100000001000111001
7132.0
520.0
--------------------
000001000100000100001001111001
7826.0
545.0
--------------------
000000000100100100001001111001
7988.0
546.0
--------------------
000001000100100000001001111000
8238.0
548.0
--------------------
000001000100100100001000111001
8318.0
562.0
--------------------
000001000100000001001001111001
8501.0
567.0
--------------------
000000000100100001001001111001
8663.0
568.0
--------------------
000001000100100000001001111001
8953.0
593.0
--------------------
000001000100000000101001111001
9649.0
599.0
--------------------
000000000100100000101001111001
9811.0
600.0
--------------------
000000000100100101001001111001
9849.0
610.0
--------------------
000001000100100001001001111000
10099.0
612.0
--------------------
000001000100100100001001111001
10139.0
635.0
--------------------
000001000100100001001001111001
10814.0
657.0
--------------------
000001000100100100001001111101
11503.0
671.0
--------------------
000001000100100000101001111001
11962.0
689.0
--------------------
000001000100100101001001111001
12000.0
699.0
--------------------
000001000100000101101001111001
12696.0
705.0
--------------------
000000000100100101101001111001
12858.0
706.0
--------------------
000001000110100100001001111001
12918.0
712.0
--------------------
000001000100100100101001111001
13148.0
731.0
--------------------
000001000100100101001001111101
13364.0
735.0
--------------------
000001000100100001101001111001
13823.0
753.0
--------------------
000001000100100100101001111101
14512.0
767.0
--------------------
000001000110100101001001111001
14779.0
776.0
--------------------
000001000100100101101001111001
15009.0
795.0
--------------------
000011000100100001101001111001
15914.0
803.0
--------------------
000001000110100100101001111001
15927.0
808.0
--------------------
000001000110100101001001111101
16143.0
812.0
--------------------
000001000100100101101001111101
16373.0
831.0
--------------------
000011000100100101101001111001
17100.0
845.0
--------------------
000001000100101101101001111001
17362.0
848.0
--------------------
000001100110100101001001111001
17756.0
850.0
--------------------
000001000110100101101001111001
17788.0
872.0
--------------------
000001000100100101111001111001
18370.0
874.0
--------------------
000011000100100101101001111101
18464.0
881.0
--------------------
000001000100101101101001111101
18726.0
884.0
--------------------
000001100110100101001001111101
19120.0
886.0
--------------------
000001000110100101101001111101
19152.0
908.0
--------------------
000001000100100101111001111101
19734.0
910.0
--------------------
000011000110100101101001111001
19879.0
922.0
--------------------
000001000110101101101001111001
20141.0
925.0
--------------------
000001000100101101111001111001
20723.0
927.0
--------------------
010001000100100101101001111101
20752.0
929.0
--------------------
000001100110100101101001111001
20765.0
946.0
--------------------
000001000110100101111001111001
21149.0
951.0
--------------------
000011000110100101101001111101
21243.0
958.0
--------------------
000001000110101101101001111101
21505.0
961.0
--------------------
000001000100101101111001111101
22087.0
963.0
--------------------
000001100110100101101001111101
22129.0
982.0
--------------------
000001000110100101111001111101
22513.0
987.0
--------------------
000011100110100101101001111001
22856.0
996.0
--------------------
000001100110101101101001111001
23118.0
999.0
--------------------
000011000110100101111001111001
23240.0
1001.0
--------------------
000001000110101101111001111001
23502.0
1004.0
--------------------
010001000110100101101001111101
23531.0
1006.0
--------------------
000011000110101101101001111101
23596.0
1011.0
--------------------
000001100110100101111001111001
24126.0
1025.0
--------------------
000011100110100101101001111101
24220.0
1032.0
--------------------
000001100110101101101001111101
24482.0
1035.0
--------------------
000011000110100101111001111101
24604.0
1037.0
--------------------
000001000110101101111001111101
24866.0
1040.0
--------------------
010001100110100101101001111001
25144.0
1044.0
--------------------
000011100110101101101001111001
25209.0
1049.0
--------------------
000001100110100101111001111101
25490.0
1061.0
--------------------
000011100110100101111001111001
26217.0
1075.0
--------------------
000001100110101101111001111001
26479.0
1078.0
--------------------
010001100110100101101001111101
26508.0
1080.0
--------------------
000011100110101101101001111101
26573.0
1085.0
--------------------
000011000110101101111001111101
26957.0
1090.0
--------------------
010011100110100101101001111001
27235.0
1094.0
--------------------
010001100110101101101001111001
27497.0
1097.0
--------------------
000011100110100101111001111101
27581.0
1111.0
--------------------
000001100110101101111001111101
27843.0
1114.0
--------------------
010001100110100101111001111001
28505.0
1123.0
--------------------
000011100110101101111001111001
28570.0
1128.0
--------------------
010011100110100101101001111101
28599.0
1130.0
--------------------
010001100110101101101001111101
28861.0
1133.0
--------------------
010011000110100101111001111101
28983.0
1135.0
--------------------
010001000110101101111001111101
29245.0
1138.0
--------------------
010011100110101101101001111001
29588.0
1147.0
--------------------
010001100110100101111001111101
29869.0
1159.0
--------------------
000011100110101101111001111101
29934.0
1164.0
--------------------
010011100110100101111001111001
30596.0
1173.0
--------------------
010001100110101101111001111001
30858.0
1176.0
--------------------
010011100110101101101001111101
30952.0
1183.0
--------------------
010011000110101101111001111101
31336.0
1188.0
--------------------
010011100110100101111001111101
31960.0
1209.0
--------------------
010001100110101101111001111101
32222.0
1212.0
--------------------
010011100110101101111001111001
32949.0
1226.0
--------------------
000011100110101111111001111101
33958.0
1227.0
--------------------
010011100110101101111001111101
34313.0
1262.0
--------------------
010111100110101101111001111001
35406.0
1264.0
--------------------
010011100110101101111101111101
35686.0
1267.0
--------------------
010011100110100111111001111101
35984.0
1272.0
--------------------
010001100110101111111001111101
36246.0
1275.0
--------------------
010001100110101101111001111111
36707.0
1278.0
--------------------
010111100110101101111001111101
36770.0
1300.0
--------------------
010111100110101101111101111101
38143.0
1305.0
--------------------
010011100110101111111001111101
38337.0
1325.0
--------------------
010011100110101101111001111111
38798.0
1328.0
--------------------
010011100110101111111101111101
39710.0
1330.0
--------------------
110011100110100111111001111101
40154.0
1335.0
--------------------
010111100110101101111011111101
40350.0
1337.0
--------------------
110001100110101111111001111101
40416.0
1338.0
--------------------
010001100110101111111001111111
40731.0
1341.0
--------------------
010111100110101111111001111101
40794.0
1363.0
--------------------
010111100110101101111001111111
41255.0
1366.0
--------------------
010111100110101111111101111101
42167.0
1368.0
--------------------
010011100110111111111001111101
42425.0
1371.0
--------------------
110011100110101111111001111101
42507.0
1388.0
--------------------
010011100110101111111001111111
42822.0
1391.0
--------------------
110011100110101111111101111101
43880.0
1393.0
--------------------
010011100110101111111101111111
44195.0
1396.0
--------------------
010111100110101111111011111101
44374.0
1400.0
--------------------
110011100110100111111001111111
44639.0
1401.0
--------------------
010111100110101101111011111111
44835.0
1403.0
--------------------
010111100110111111111001111101
44882.0
1409.0
--------------------
110111100110101111111001111101
44964.0
1426.0
--------------------
010111100110101111111001111111
45279.0
1429.0
--------------------
110111100110101111111101111101
46337.0
1431.0
--------------------
110011100110111111111001111101
46595.0
1434.0
--------------------
010011100110111111111001111111
46910.0
1437.0
--------------------
110011100110101111111001111111
46992.0
1454.0
--------------------
110111100110101111111001111011
48085.0
1456.0
--------------------
110011100110101111111101111111
48365.0
1459.0
--------------------
110111100110101111111011111101
48544.0
1463.0
--------------------
010111100110101111111011111111
48859.0
1466.0
--------------------
110111100110111111111001111101
49052.0
1472.0
--------------------
010111100110111111111001111111
49367.0
1475.0
--------------------
110111100110101111111001111111
49449.0
1492.0
--------------------
110111100110101111111101111111
50822.0
1497.0
--------------------
110011100110111111111001111111
51080.0
1500.0
--------------------
110111101110101111111001111111
51639.0
1504.0
--------------------
111011100110101111111001111111
51772.0
1505.0
--------------------
110111100111101111111001111111
52596.0
1520.0
--------------------
110111100110101111111011111111
53029.0
1529.0
--------------------
110111100110111111111001111111
53537.0
1538.0
--------------------
111111100110101111111001111111
54229.0
1543.0
--------------------
111111100110101111111101111111
55602.0
1548.0
--------------------
110111100111101111111011111111
56176.0
1557.0
--------------------
110111100111111111111001111111
56684.0
1566.0
--------------------
110111100110111111111011111111
57117.0
1575.0
--------------------
111111100110101111111011111111
57809.0
1580.0
--------------------
111111100110111111111001111111
58317.0
1589.0
--------------------
111111100110111111111101111111
59690.0
1594.0
--------------------
110111100111111111111011111111
60264.0
1603.0
--------------------
111111100111101111111011111111
60956.0
1608.0
--------------------
111111100111111111111001111111
61464.0
1617.0
--------------------
111111100110111111111011111111
61897.0
1626.0
--------------------
111111100110111111111111111111
63270.0
1631.0
--------------------
111111101110111111111011111111
64087.0
1638.0
--------------------
111111100111111111111011111111
65044.0
1654.0
--------------------
111111100111111111111111111111
66417.0
1659.0
--------------------
111111101111111111111011111111
67234.0
1666.0
--------------------
111111101111111111111111111111
68607.0
1671.0
--------------------
111111110111111111111011111111
69748.0
1672.0
--------------------
111111110111111111111111111111
71121.0
1677.0
--------------------
111111111111111111111011111111
71938.0
1684.0
--------------------
111111111111111111111111111111
73311.0
1689.0
--------------------
