0 0 0 0 0 0 
7 9 8 3 2 4 
0 0 0 0 0 0 
7 9 8 3 2 4 
7 0 0 0 0 0 
2 3 4 9 8 7 
9 7 2 0 0 0 
2 0 0 0 0 0 
9 2 3 7 0 0 
2 0 0 0 0 0 
7 0 0 0 0 0 
2 3 0 9 8 7 
2 3 4 9 7 0 
7 2 3 9 8 0 
2 3 0 0 0 0 
7 9 8 3 0 0 
7 9 8 2 0 0 
4 2 0 9 8 7 
2 0 0 9 8 7 
7 9 8 0 0 0 
9 7 0 0 0 0 
4 3 0 9 8 7 
7 2 3 0 0 0 
3 2 4 9 8 7 
9 7 2 0 0 0 
7 9 8 0 0 0 
9 2 3 7 8 0 
7 2 3 0 0 0 
4 0 0 9 8 7 
2 0 0 9 7 0 
0 0 0 9 7 0 
2 3 0 0 0 0 
2 3 4 9 8 0 
2 3 0 9 8 7 
7 9 8 2 0 0 
7 2 0 0 0 0 
9 2 3 7 8 0 
0 0 0 9 8 7 
4 0 0 9 8 7 
2 3 4 9 7 0 
7 2 3 9 8 0 
3 2 0 9 8 7 
7 9 8 3 2 0 
4 3 0 9 8 7 
7 9 8 3 0 0 
2 0 0 9 8 7 
2 3 4 9 8 0 
7 2 0 0 0 0 
3 0 0 9 8 7 
1 2 0 9 7 0 
7 9 8 3 2 0 
3 0 0 9 8 7 
3 2 4 9 8 7 
7 9 8 3 4 0 
4 2 0 9 8 7 
3 2 0 9 8 7 
1 2 0 9 8 7 
2 0 0 9 7 0 
0 0 0 9 8 7 
1 2 0 9 7 0 
7 9 8 3 4 0 
1 2 0 9 8 7 
2 3 4 9 8 7 
7 9 8 3 2 4 
0 0 0 0 0 0 
2 0 0 0 0 0 
7 0 0 0 0 0 
9 7 2 0 0 0 
7 9 8 0 0 0 
7 2 3 0 0 0 
9 7 0 0 0 0 
2 3 0 0 0 0 
2 3 0 9 8 7 
7 9 8 2 0 0 
9 2 3 7 8 0 
4 0 0 9 8 7 
2 3 4 9 7 0 
7 2 3 9 8 0 
4 3 0 9 8 7 
7 9 8 3 0 0 
2 0 0 9 8 7 
2 3 4 9 8 0 
7 2 0 0 0 0 
7 9 8 3 2 0 
3 0 0 9 8 7 
3 2 4 9 8 7 
4 2 0 9 8 7 
3 2 0 9 8 7 
2 0 0 9 7 0 
0 0 0 9 8 7 
1 2 0 9 7 0 
7 9 8 3 4 0 
1 2 0 9 8 7 
2 3 4 9 8 7 
7 9 8 3 2 4 
0 0 0 0 0 0 
2 0 0 0 0 0 
7 0 0 0 0 0 
9 7 2 0 0 0 
7 9 8 0 0 0 
