380482.0 36658.780555555524 
370588.0 36788.22055555567 
105796.0 87084.08833333416 
365602.0 37051.93833333344 
108813.0 86717.69333333275 
104125.0 89103.55166666752 
114277.0 82223.0499999992 
122911.0 78405.12055555501 
119587.0 80479.43388888834 
127446.0 76473.34666666595 
103239.0 91055.9299999991 
134820.0 73567.33111111062 
116572.0 81508.15833333408 
117325.0 80650.4266666674 
132496.0 74401.64444444393 
122303.0 79416.58444444391 
141566.0 71686.75555555512 
131740.0 75226.0077777781 
129670.0 75991.69333333262 
125689.0 77333.34666666732 
127188.0 76955.50000000063 
113119.0 83405.39166666746 
105289.0 88036.88333333247 
138054.0 72369.52444444477 
144172.0 71185.70000000017 
111392.0 84554.13999999917 
137334.0 72687.77277777811 
110663.0 85364.7400000008 
109659.0 86162.22944444386 
125622.0 77869.49777777809 
112480.0 84103.16166666747 
103796.0 89436.49333333244 
368202.0 37016.903888889035 
103267.0 90288.10333333244 
112909.0 83949.23833333414 
120337.0 79775.27722222169 
368627.0 36846.220555555665 
159475.0 63854.906666666895 
170072.0 59861.08000000021 
178724.0 56796.73944444436 
171959.0 59052.92833333325 
178004.0 57419.57722222214 
176498.0 57632.41499999992 
156410.0 65308.79111111134 
155136.0 66002.68444444469 
172411.0 58992.34722222214 
175455.0 57984.41499999992 
152301.0 67162.30000000018 
169422.0 59959.711111111326 
151753.0 67470.92888888923 
268717.0 37466.7722222222 
148117.0 68880.63583333383 
153140.0 66650.58222222255 
181920.0 55523.433888889165 
178514.0 57118.28055555584 
179679.0 56528.66500000028 
146655.0 69503.47555555565 
145424.0 70244.61083333383 
183252.0 55365.43388888915 
144505.0 70596.7100000001 
143521.0 71296.59333333385 
183732.0 55141.62611111138 
245575.0 38796.877777777576 
276994.0 37088.349166666485 
276571.0 37240.25083333316 
271223.0 37258.381944444256 
266751.0 37494.3163888887 
270616.0 37371.31638888871 
160328.0 63809.020000000695 
157333.0 64603.461666666524 
156604.0 65242.17722222208 
166341.0 60415.778333333205 
168639.0 60234.36777777764 
155655.0 65470.17722222207 
163435.0 62028.030555555415 
163566.0 61705.67277777763 
164924.0 61348.49388888875 
152424.0 66971.3766666665 
170284.0 59855.19999999975 
153913.0 66291.83999999987 
149903.0 68573.04833333407 
166884.0 60263.188888888755 
169813.0 59934.009999999864 
152281.0 67433.5800000007 
158217.0 64300.28277777763 
158549.0 64141.69333333318 
165055.0 61026.13611111097 
242724.0 39270.995000000265 
229717.0 40251.245555555884 
222236.0 41789.551111111454 
224983.0 41119.88277777811 
236722.0 39458.81083333359 
232215.0 40087.45333333339 
216065.0 42844.5766666662 
228142.0 40615.675555555885 
208825.0 45251.425833333386 
210516.0 44714.242499999506 
209450.0 44912.67694444451 
235723.0 39612.44250000026 
215440.0 43184.37444444399 
213321.0 43592.27333333286 
208207.0 45640.80027777783 
206522.0 46150.54916666672 
233872.0 39742.96916666693 
226762.0 40901.16777777811 
232216.0 39889.75333333366 
240304.0 39274.995000000265 
219136.0 42284.031666666204 
228510.0 40384.991666666996 
226761.0 41100.12666666673 
220856.0 42075.04333333368 
219099.0 42589.45583333288 
220855.0 42152.847222222335 
223643.0 41424.86722222256 
217721.0 42835.82944444399 
212346.0 43871.121666666186 
234220.0 39651.705833333595 
238607.0 39288.62666666693 
205904.0 46539.92361111117 
211141.0 44374.444722221735 
217800.0 42659.9305555551 
73161.0 111695.47555555601 
87375.0 99562.3033333338 
81407.0 102512.99388888829 
109399.0 86639.67361111096 
77866.0 106710.34333333369 
80931.0 103152.46055555598 
75325.0 107562.33833333368 
80052.0 105257.21222222266 
102953.0 91360.52250000027 
98699.0 92825.4652777776 
123654.0 78357.62222222165 
97742.0 93838.29861111089 
80621.0 103964.24055555495 
100029.0 91994.23749999944 
153668.0 66537.56166666704 
80173.0 104417.86611111157 
87186.0 100643.82777777824 
89032.0 98817.00277777723 
84394.0 101923.43333333275 
97859.0 93644.47250000083 
121457.0 79604.5588888886 
99194.0 92531.84749999944 
157292.0 64771.300000000156 
157031.0 64946.884444443946 
100721.0 91550.90250000035 
79546.0 105896.9744444449 
124888.0 77952.97333333276 
89638.0 98033.13555555601 
74330.0 110172.3244444448 
120257.0 80363.13666666724 
84120.0 102027.17388888933 
75072.0 108348.33500000036 
74451.0 109332.33055555593 
86449.0 100693.76833333379 
73824.0 110812.3222222226 
73940.0 110308.32444444482 
166054.0 60799.4183333338 
143037.0 71485.11805555536 
149644.0 68681.81777777812 
181876.0 56366.42388888896 
160704.0 63585.1605555553 
150396.0 67915.92027777813 
170587.0 59474.01833333309 
146197.0 69930.15861111095 
174533.0 58115.00166666643 
157260.0 64843.02777777743 
151017.0 67601.05416666702 
161739.0 62410.18166666694 
154293.0 66152.578611111 
159086.0 63856.78861111098 
161007.0 62908.105555555914 
162360.0 62095.31555555583 
153672.0 66466.34472222211 
173350.0 58667.8033333331 
158893.0 64102.41666666632 
172524.0 58849.40666666643 
266616.0 37541.04333333335 
260798.0 37696.896111111186 
201110.0 47576.17416666661 
204170.0 47135.20249999995 
191122.0 51100.55499999992 
243206.0 39065.22555555579 
257438.0 37729.04333333337 
184886.0 54045.93277777808 
251285.0 38148.54833333342 
185984.0 53775.02888888919 
249100.0 38156.200555555646 
204864.0 46767.31583333328 
187329.0 53075.644166666585 
255253.0 37736.65000000004 
193389.0 50407.585000000254 
188782.0 51943.85500000027 
243838.0 38860.293333333575 
265813.0 37542.65000000002 
186584.0 53323.413333333636 
184106.0 54481.54833333364 
197725.0 49354.03666666659 
190290.0 51429.526666666585 
200209.0 48288.54666666662 
189647.0 51698.0472222225 
248401.0 38366.67888888898 
252036.0 37914.65000000004 
187667.0 52403.66277777805 
199083.0 48522.15138888915 
254221.0 37907.04333333337 
195764.0 49590.14999999993 
195910.0 49500.69249999993 
261316.0 37554.65000000002 
198182.0 48863.7669444447 
263501.0 37547.04333333336 
202519.0 47501.14583333329 
192554.0 50756.48888888915 
187950.0 52272.75888888916 
181701.0 56491.62611111143 
257087.0 37736.256666666704 
247177.0 38505.02666666676 
198912.0 48820.43333333327 
92774.0 96252.1577777782 
90632.0 97414.72055555598 
94903.0 95815.15916666604 
95318.0 95336.47694444381 
96112.0 94523.50361111196 
87731.0 99350.1677777782 
92222.0 96905.71555555597 
85657.0 101138.65527777762 
85594.0 101896.18833333213 
96521.0 94277.54916666751 
86969.0 100650.65527777762 
