932332.0 2186.3155555555577 
630203.0 35353.085833333374 
932332.0 2186.3155555555577 
630203.0 35353.085833333374 
877824.0 2409.8774999999996 
925479.0 2382.686111111114 
689647.0 24605.911111111094 
678359.0 24651.85277777778 
742495.0 12240.275555555547 
689919.0 23081.895000000004 
656648.0 30288.909166666657 
650769.0 31675.381388888894 
753129.0 12081.857777777774 
759441.0 11862.008888888888 
647370.0 31971.29472222223 
759869.0 11003.523333333342 
630542.0 34369.90527777779 
732769.0 14015.364444444438 
656648.0 30288.909166666657 
668331.0 26296.897500000003 
762363.0 9697.229999999996 
824009.0 4402.173333333328 
719484.0 18062.45555555556 
726726.0 15273.250000000007 
657128.0 29959.445833333324 
825695.0 4122.177777777772 
642644.0 32096.425277777784 
669117.0 25900.68 
699937.0 19340.891111111116 
696487.0 20360.805000000004 
691554.0 22360.720555555563 
727545.0 14739.14777777777 
770900.0 7846.79305555555 
692003.0 21642.893611111118 
666799.0 26605.02861111112 
842466.0 3391.2355555555514 
650769.0 31675.381388888894 
735470.0 13099.363611111103 
657467.0 29487.726944444454 
710541.0 18270.455555555553 
661482.0 27264.94250000001 
724887.0 16018.018888888879 
796843.0 5970.657777777777 
810157.0 5335.155000000004 
674512.0 25093.331388888888 
723403.0 17237.193611111106 
806022.0 5502.035555555555 
690436.0 22988.93833333334 
650355.0 31774.51194444445 
639584.0 32400.208055555562 
658912.0 29008.68305555556 
801296.0 5629.191111111111 
769191.0 8462.749999999993 
694260.0 20974.63222222223 
866650.0 2699.837500000001 
931045.0 2224.9722222222244 
876428.0 2500.8475 
860069.0 2940.390000000002 
840758.0 3515.5466666666625 
754715.0 11989.164444444441 
721106.0 17607.976944444446 
670345.0 25686.59277777778 
873098.0 2543.3525 
724886.0 16572.845277777764 
697197.0 19820.370000000003 
733620.0 13275.276666666658 
761798.0 10595.686666666674 
705935.0 18730.369166666667 
834283.0 3732.3955555555513 
836000.0 3553.0844444444406 
768310.0 8804.574166666667 
660772.0 27805.377500000006 
663790.0 26936.159444444453 
662989.0 27233.55111111112 
806022.0 5502.035555555555 
660141.0 28375.291388888898 
855343.0 3073.490000000003 
658831.0 29423.639722222226 
865189.0 2835.4500000000016 
837740.0 3518.3911111111074 
632209.0 33775.03527777779 
632699.0 33350.4263888889 
690885.0 22510.503333333338 
788796.0 6440.355555555555 
871376.0 2566.3625 
637737.0 32660.94722222223 
742495.0 12240.275555555547 
850911.0 3195.4000000000033 
659198.0 28709.900277777786 
660772.0 27805.377500000006 
762255.0 10175.48166666667 
692880.0 21245.545555555564 
779178.0 6900.661666666662 
725845.0 15457.229166666675 
725715.0 15877.875555555547 
780749.0 6636.1397222222195 
733555.0 13690.364166666657 
696066.0 20493.240000000005 
820710.0 4515.644444444437 
692542.0 21613.328333333342 
739072.0 12684.754444444436 
794822.0 6005.351111111109 
765326.0 9281.794999999993 
814840.0 4881.377777777774 
727607.0 14584.886944444437 
774563.0 7115.748888888885 
676405.0 24916.89638888889 
763777.0 9395.012222222216 
761878.0 10203.360555555551 
715267.0 18145.324999999997 
660309.0 28251.638611111117 
776861.0 6905.748611111107 
637332.0 32694.512500000008 
738681.0 12685.710833333324 
672937.0 25309.33138888889 
665404.0 26730.159166666675 
631022.0 34042.948611111126 
719964.0 17735.498888888895 
811911.0 5183.306666666665 
714566.0 18150.498888888887 
799070.0 5770.577777777777 
729840.0 14310.408333333326 
829496.0 3928.9377777777727 
927606.0 2321.743333333336 
633886.0 33082.513055555566 
811911.0 5183.306666666665 
697908.0 19699.23944444445 
641825.0 32229.12111111112 
785687.0 6479.5308333333305 
855343.0 3073.490000000003 
850911.0 3195.4000000000033 
707886.0 18540.673055555555 
773456.0 7347.5752777777725 
828574.0 4036.324444444439 
845686.0 3309.271111111107 
772524.0 7590.053888888884 
635439.0 32870.94750000001 
724293.0 16894.128333333345 
641136.0 32365.033888888895 
770790.0 8182.054166666661 
736774.0 12894.754722222215 
710541.0 18270.455555555553 
724293.0 16894.128333333345 
706441.0 18571.542777777784 
789846.0 6385.546666666665 
722187.0 17348.976666666666 
676405.0 24916.89638888889 
818779.0 4652.724444444439 
790884.0 6267.8933333333325 
799070.0 5770.577777777777 
814840.0 4881.377777777774 
703808.0 18894.978055555555 
767793.0 8900.984166666667 
739072.0 12684.754444444436 
818779.0 4652.724444444439 
848112.0 3239.9999999999964 
729840.0 14310.408333333326 
801296.0 5629.191111111111 
832543.0 3767.0888888888844 
757511.0 11919.893333333328 
630542.0 34369.90527777779 
782982.0 6571.1830555555525 
772524.0 7590.053888888884 
702890.0 19041.41277777778 
695338.0 20859.936388888895 
761056.0 10728.70333333334 
793361.0 6074.506666666665 
774157.0 7342.401388888884 
832543.0 3767.0888888888844 
858170.0 2982.260000000003 
736774.0 12894.754722222215 
845686.0 3309.271111111107 
671340.0 25514.15777777778 
635439.0 32870.94750000001 
810562.0 5299.980000000004 
816476.0 4817.457777777773 
697908.0 19699.23944444445 
862896.0 2849.160000000003 
633886.0 33082.513055555566 
793361.0 6074.506666666665 
782982.0 6571.1830555555525 
785687.0 6479.5308333333305 
753129.0 12081.857777777774 
733555.0 13690.364166666657 
767275.0 9070.881388888882 
927606.0 2321.743333333336 
659144.0 28795.204722222228 
820710.0 4515.644444444437 
862896.0 2849.160000000003 
871376.0 2566.3625 
707886.0 18540.673055555555 
632699.0 33350.4263888889 
632209.0 33775.03527777779 
724886.0 16572.845277777764 
631022.0 34042.948611111126 
816476.0 4817.457777777773 
671340.0 25514.15777777778 
701269.0 19251.41305555556 
848112.0 3239.9999999999964 
702150.0 19071.065000000002 
