781690.0 -285.0 
1037080.0 -655.0 
781690.0 -285.0 
1037080.0 -655.0 
1035202.0 -653.0 
999017.0 -651.0 
964803.0 -643.0 
938310.0 -637.0 
784920.0 -390.0 
784562.0 -360.0 
984327.0 -645.0 
957233.0 -639.0 
784076.0 -356.0 
784057.0 -335.0 
782129.0 -293.0 
782315.0 -312.0 
911060.0 -623.0 
789401.0 -420.0 
899857.0 -620.0 
789881.0 -436.0 
871836.0 -597.0 
884240.0 -613.0 
863173.0 -596.0 
784015.0 -321.0 
880265.0 -610.0 
787722.0 -413.0 
784057.0 -335.0 
787202.0 -399.0 
791925.0 -445.0 
895176.0 -618.0 
792718.0 -458.0 
922192.0 -630.0 
873472.0 -600.0 
873472.0 -600.0 
891288.0 -616.0 
880265.0 -610.0 
929338.0 -631.0 
859066.0 -589.0 
852129.0 -588.0 
936507.0 -635.0 
999017.0 -651.0 
912693.0 -625.0 
786988.0 -391.0 
959421.0 -640.0 
990996.0 -649.0 
993184.0 -650.0 
787935.0 -417.0 
918503.0 -626.0 
933051.0 -634.0 
806055.0 -508.0 
891288.0 -616.0 
806467.0 -516.0 
793038.0 -462.0 
831508.0 -568.0 
823583.0 -558.0 
797159.0 -479.0 
801496.0 -493.0 
830448.0 -563.0 
795013.0 -463.0 
795850.0 -472.0 
987780.0 -648.0 
834772.0 -570.0 
962637.0 -641.0 
816383.0 -540.0 
984327.0 -645.0 
828207.0 -561.0 
811618.0 -530.0 
821172.0 -553.0 
842782.0 -577.0 
818275.0 -546.0 
795239.0 -466.0 
807877.0 -523.0 
850135.0 -586.0 
811618.0 -530.0 
787201.0 -397.0 
800453.0 -491.0 
898551.0 -619.0 
802395.0 -498.0 
783472.0 -318.0 
796946.0 -476.0 
836602.0 -572.0 
883430.0 -612.0 
791291.0 -441.0 
987484.0 -647.0 
825753.0 -560.0 
823583.0 -558.0 
821172.0 -553.0 
929526.0 -632.0 
845840.0 -579.0 
911060.0 -623.0 
819167.0 -550.0 
809475.0 -525.0 
957233.0 -639.0 
792718.0 -458.0 
791925.0 -445.0 
797718.0 -483.0 
814655.0 -538.0 
899857.0 -620.0 
790201.0 -440.0 
787722.0 -413.0 
818275.0 -546.0 
1036025.0 -654.0 
839157.0 -573.0 
812876.0 -535.0 
784562.0 -360.0 
815983.0 -539.0 
847542.0 -580.0 
845840.0 -579.0 
849738.0 -583.0 
807648.0 -520.0 
833795.0 -569.0 
841438.0 -574.0 
839157.0 -573.0 
920080.0 -627.0 
859641.0 -590.0 
805474.0 -506.0 
862135.0 -593.0 
993184.0 -650.0 
931714.0 -633.0 
825753.0 -560.0 
962637.0 -641.0 
809475.0 -525.0 
784076.0 -356.0 
782771.0 -317.0 
802791.0 -501.0 
795239.0 -466.0 
816383.0 -540.0 
789401.0 -420.0 
842587.0 -575.0 
836602.0 -572.0 
814655.0 -538.0 
803452.0 -503.0 
812663.0 -533.0 
860622.0 -591.0 
820144.0 -551.0 
848761.0 -582.0 
871836.0 -597.0 
921713.0 -629.0 
912693.0 -625.0 
920080.0 -627.0 
799423.0 -487.0 
798509.0 -485.0 
806738.0 -518.0 
812876.0 -535.0 
812663.0 -533.0 
918503.0 -626.0 
782129.0 -293.0 
828892.0 -562.0 
802222.0 -496.0 
1035202.0 -653.0 
860622.0 -591.0 
883430.0 -612.0 
782420.0 -314.0 
782004.0 -290.0 
781899.0 -288.0 
798509.0 -485.0 
796641.0 -474.0 
784015.0 -321.0 
802222.0 -496.0 
800128.0 -489.0 
799423.0 -487.0 
809242.0 -524.0 
862135.0 -593.0 
931714.0 -633.0 
818530.0 -548.0 
898551.0 -619.0 
795850.0 -472.0 
797718.0 -483.0 
848761.0 -582.0 
847542.0 -580.0 
787202.0 -399.0 
789881.0 -436.0 
921713.0 -629.0 
841438.0 -574.0 
806467.0 -516.0 
806055.0 -508.0 
802791.0 -501.0 
804530.0 -504.0 
862786.0 -595.0 
831508.0 -568.0 
830448.0 -563.0 
851192.0 -587.0 
782420.0 -314.0 
820144.0 -551.0 
800128.0 -489.0 
796641.0 -474.0 
987484.0 -647.0 
833795.0 -569.0 
806738.0 -518.0 
818530.0 -548.0 
852129.0 -588.0 
851192.0 -587.0 
807648.0 -520.0 
789986.0 -438.0 
787201.0 -397.0 
781899.0 -288.0 
842782.0 -577.0 
782315.0 -312.0 
782004.0 -290.0 
789986.0 -438.0 
