903230.0 -669.0 
760043.0 -405.0 
903230.0 -669.0 
760043.0 -405.0 
901807.0 -663.0 
877754.0 -661.0 
847118.0 -646.0 
830732.0 -639.0 
873294.0 -658.0 
842608.0 -643.0 
858201.0 -647.0 
814564.0 -620.0 
863885.0 -657.0 
775406.0 -517.0 
813483.0 -616.0 
823071.0 -621.0 
761764.0 -429.0 
786243.0 -556.0 
788470.0 -562.0 
808092.0 -610.0 
807799.0 -606.0 
761517.0 -418.0 
777270.0 -523.0 
842608.0 -643.0 
764794.0 -448.0 
795603.0 -582.0 
799825.0 -590.0 
877754.0 -661.0 
799825.0 -590.0 
802818.0 -596.0 
779649.0 -531.0 
797537.0 -584.0 
829010.0 -637.0 
784606.0 -548.0 
765119.0 -456.0 
826638.0 -631.0 
763029.0 -436.0 
827858.0 -635.0 
806069.0 -600.0 
761517.0 -418.0 
802818.0 -596.0 
784111.0 -543.0 
860034.0 -650.0 
862883.0 -655.0 
860034.0 -650.0 
774316.0 -510.0 
784945.0 -550.0 
791556.0 -570.0 
789982.0 -568.0 
794475.0 -578.0 
792923.0 -574.0 
862883.0 -655.0 
766339.0 -460.0 
782827.0 -541.0 
769353.0 -480.0 
808092.0 -610.0 
792923.0 -574.0 
858807.0 -648.0 
786184.0 -552.0 
797537.0 -584.0 
771803.0 -494.0 
794475.0 -578.0 
761555.0 -423.0 
805023.0 -598.0 
824441.0 -629.0 
789565.0 -564.0 
772644.0 -501.0 
902228.0 -667.0 
823439.0 -627.0 
773539.0 -503.0 
769042.0 -475.0 
781441.0 -535.0 
763657.0 -440.0 
771803.0 -494.0 
761555.0 -423.0 
767617.0 -471.0 
772444.0 -499.0 
771501.0 -485.0 
767006.0 -467.0 
781441.0 -535.0 
766855.0 -465.0 
806069.0 -600.0 
771578.0 -489.0 
770232.0 -481.0 
791556.0 -570.0 
774037.0 -507.0 
764641.0 -445.0 
763863.0 -443.0 
771578.0 -489.0 
770778.0 -484.0 
763029.0 -436.0 
823423.0 -623.0 
774316.0 -510.0 
805023.0 -598.0 
824441.0 -629.0 
813562.0 -618.0 
826856.0 -633.0 
765389.0 -458.0 
782273.0 -537.0 
778095.0 -525.0 
774273.0 -508.0 
779439.0 -529.0 
778639.0 -527.0 
772444.0 -499.0 
763607.0 -438.0 
778639.0 -527.0 
778095.0 -525.0 
766855.0 -465.0 
766339.0 -460.0 
773539.0 -503.0 
784111.0 -543.0 
863885.0 -657.0 
902228.0 -667.0 
901807.0 -663.0 
789982.0 -568.0 
789565.0 -564.0 
782686.0 -539.0 
782273.0 -537.0 
768680.0 -473.0 
765119.0 -456.0 
765389.0 -458.0 
826856.0 -633.0 
779439.0 -529.0 
763863.0 -443.0 
768360.0 -472.0 
764641.0 -445.0 
782686.0 -539.0 
813562.0 -618.0 
858201.0 -647.0 
786184.0 -552.0 
763607.0 -438.0 
823439.0 -627.0 
770778.0 -484.0 
770232.0 -481.0 
774037.0 -507.0 
768360.0 -472.0 
768727.0 -474.0 
769353.0 -480.0 
769042.0 -475.0 
823295.0 -622.0 
823071.0 -621.0 
823295.0 -622.0 
771501.0 -485.0 
768727.0 -474.0 
767617.0 -471.0 
823423.0 -623.0 
760043.0 -405.0 
903230.0 -669.0 
842608.0 -643.0 
799825.0 -590.0 
813562.0 -618.0 
877754.0 -661.0 
808092.0 -610.0 
761517.0 -418.0 
862883.0 -655.0 
794475.0 -578.0 
792923.0 -574.0 
797537.0 -584.0 
824441.0 -629.0 
771803.0 -494.0 
771578.0 -489.0 
858201.0 -647.0 
805023.0 -598.0 
774037.0 -507.0 
786184.0 -552.0 
772444.0 -499.0 
778095.0 -525.0 
766855.0 -465.0 
766339.0 -460.0 
773539.0 -503.0 
784111.0 -543.0 
863885.0 -657.0 
901807.0 -663.0 
789982.0 -568.0 
789565.0 -564.0 
763029.0 -436.0 
769042.0 -475.0 
765389.0 -458.0 
779439.0 -529.0 
763607.0 -438.0 
764641.0 -445.0 
765119.0 -456.0 
782686.0 -539.0 
761555.0 -423.0 
823439.0 -627.0 
823071.0 -621.0 
823295.0 -622.0 
767617.0 -471.0 
842608.0 -643.0 
813562.0 -618.0 
877754.0 -661.0 
808092.0 -610.0 
761517.0 -418.0 
858201.0 -647.0 
862883.0 -655.0 
799825.0 -590.0 
797537.0 -584.0 
824441.0 -629.0 
