1056796.0 -765.0 
678158.0 -252.0 
678158.0 -252.0 
1056796.0 -765.0 
1046070.0 -764.0 
979363.0 -755.0 
1026057.0 -762.0 
998751.0 -760.0 
1015418.0 -761.0 
962696.0 -754.0 
678741.0 -287.0 
678642.0 -267.0 
875918.0 -723.0 
1026057.0 -762.0 
988438.0 -758.0 
951900.0 -751.0 
1015418.0 -761.0 
998751.0 -760.0 
917948.0 -740.0 
907845.0 -738.0 
942280.0 -750.0 
679979.0 -301.0 
933597.0 -744.0 
925369.0 -743.0 
899161.0 -733.0 
890934.0 -731.0 
778259.0 -642.0 
868461.0 -718.0 
860571.0 -717.0 
881759.0 -724.0 
785556.0 -644.0 
680149.0 -309.0 
962696.0 -754.0 
955862.0 -753.0 
988438.0 -758.0 
678634.0 -259.0 
982905.0 -756.0 
678642.0 -267.0 
888492.0 -730.0 
678634.0 -259.0 
754646.0 -601.0 
982905.0 -756.0 
936679.0 -747.0 
823706.0 -690.0 
917948.0 -740.0 
679879.0 -296.0 
681358.0 -325.0 
883282.0 -727.0 
849968.0 -711.0 
683011.0 -341.0 
719851.0 -520.0 
718079.0 -516.0 
742625.0 -575.0 
731231.0 -550.0 
713841.0 -502.0 
684529.0 -350.0 
713183.0 -500.0 
955862.0 -753.0 
952383.0 -752.0 
827171.0 -691.0 
872470.0 -720.0 
921360.0 -741.0 
846287.0 -708.0 
758033.0 -602.0 
890934.0 -731.0 
805657.0 -670.0 
802512.0 -669.0 
832687.0 -698.0 
697724.0 -434.0 
685504.0 -354.0 
811493.0 -677.0 
730357.0 -548.0 
871214.0 -719.0 
868461.0 -718.0 
771058.0 -632.0 
872470.0 -720.0 
697243.0 -430.0 
844923.0 -706.0 
907845.0 -738.0 
797160.0 -662.0 
818674.0 -683.0 
759037.0 -606.0 
848936.0 -710.0 
796589.0 -660.0 
680593.0 -314.0 
740498.0 -568.0 
738660.0 -567.0 
778259.0 -642.0 
745007.0 -580.0 
680687.0 -318.0 
684265.0 -348.0 
702674.0 -455.0 
753087.0 -597.0 
770442.0 -630.0 
856014.0 -714.0 
853611.0 -713.0 
706245.0 -473.0 
838197.0 -702.0 
835884.0 -701.0 
819290.0 -685.0 
682910.0 -337.0 
899161.0 -733.0 
830035.0 -694.0 
827787.0 -693.0 
815896.0 -680.0 
813658.0 -679.0 
709410.0 -485.0 
678858.0 -292.0 
744599.0 -578.0 
728382.0 -543.0 
841446.0 -704.0 
839316.0 -703.0 
846287.0 -708.0 
792750.0 -654.0 
684925.0 -353.0 
813546.0 -678.0 
923411.0 -742.0 
905887.0 -737.0 
885333.0 -728.0 
852019.0 -712.0 
903836.0 -736.0 
921360.0 -741.0 
822154.0 -688.0 
820842.0 -687.0 
860571.0 -717.0 
858523.0 -716.0 
811493.0 -677.0 
809457.0 -675.0 
693647.0 -410.0 
748460.0 -587.0 
747168.0 -585.0 
682099.0 -329.0 
681547.0 -328.0 
719365.0 -518.0 
702141.0 -453.0 
687809.0 -371.0 
694622.0 -414.0 
707168.0 -476.0 
842959.0 -705.0 
942280.0 -750.0 
925369.0 -743.0 
938637.0 -748.0 
923411.0 -742.0 
905887.0 -737.0 
940322.0 -749.0 
816741.0 -681.0 
800024.0 -665.0 
798096.0 -664.0 
794702.0 -659.0 
699462.0 -442.0 
696465.0 -426.0 
706245.0 -473.0 
776427.0 -640.0 
690342.0 -388.0 
692763.0 -405.0 
691722.0 -398.0 
687237.0 -366.0 
685552.0 -357.0 
723311.0 -530.0 
773033.0 -635.0 
776427.0 -640.0 
848936.0 -710.0 
882250.0 -726.0 
762239.0 -611.0 
721603.0 -521.0 
712399.0 -496.0 
768704.0 -628.0 
751349.0 -595.0 
681234.0 -322.0 
699100.0 -439.0 
728165.0 -540.0 
940322.0 -749.0 
938637.0 -748.0 
705883.0 -470.0 
707168.0 -476.0 
834332.0 -699.0 
737468.0 -564.0 
809242.0 -674.0 
807625.0 -673.0 
744224.0 -576.0 
853611.0 -713.0 
886925.0 -729.0 
903836.0 -736.0 
852019.0 -712.0 
902244.0 -735.0 
885333.0 -728.0 
678856.0 -289.0 
682333.0 -332.0 
816741.0 -681.0 
680593.0 -314.0 
734796.0 -558.0 
858523.0 -716.0 
902244.0 -735.0 
886925.0 -729.0 
856956.0 -715.0 
935112.0 -746.0 
900677.0 -734.0 
820842.0 -687.0 
823706.0 -690.0 
822154.0 -688.0 
715823.0 -508.0 
680197.0 -311.0 
900677.0 -734.0 
842959.0 -705.0 
841446.0 -704.0 
710897.0 -491.0 
764037.0 -616.0 
679572.0 -293.0 
802400.0 -668.0 
800960.0 -667.0 
774459.0 -637.0 
773033.0 -635.0 
700006.0 -444.0 
765991.0 -620.0 
764582.0 -619.0 
748460.0 -587.0 
714612.0 -504.0 
736524.0 -560.0 
761498.0 -608.0 
735147.0 -559.0 
760121.0 -607.0 
785556.0 -644.0 
753710.0 -599.0 
749129.0 -589.0 
774459.0 -637.0 
844923.0 -706.0 
729941.0 -547.0 
753087.0 -597.0 
819290.0 -685.0 
710897.0 -491.0 
712567.0 -498.0 
770442.0 -630.0 
818674.0 -683.0 
791405.0 -653.0 
831988.0 -697.0 
830651.0 -696.0 
732567.0 -551.0 
703747.0 -460.0 
686527.0 -361.0 
685948.0 -360.0 
708213.0 -479.0 
707664.0 -478.0 
787769.0 -647.0 
786492.0 -646.0 
711513.0 -493.0 
708906.0 -484.0 
762492.0 -613.0 
746682.0 -583.0 
727203.0 -538.0 
725937.0 -537.0 
737991.0 -565.0 
871214.0 -719.0 
696736.0 -428.0 
722815.0 -528.0 
698848.0 -438.0 
709937.0 -488.0 
701288.0 -449.0 
717290.0 -511.0 
747168.0 -585.0 
719365.0 -518.0 
793974.0 -656.0 
792750.0 -654.0 
697724.0 -434.0 
697243.0 -430.0 
703153.0 -456.0 
694768.0 -416.0 
691946.0 -399.0 
708411.0 -481.0 
722262.0 -524.0 
790737.0 -651.0 
789585.0 -650.0 
695843.0 -423.0 
688441.0 -376.0 
704148.0 -461.0 
680197.0 -311.0 
703173.0 -458.0 
839316.0 -703.0 
838197.0 -702.0 
750681.0 -593.0 
701784.0 -451.0 
760121.0 -607.0 
693251.0 -407.0 
704640.0 -465.0 
686710.0 -364.0 
691631.0 -396.0 
691301.0 -395.0 
722815.0 -528.0 
722503.0 -526.0 
695782.0 -421.0 
687310.0 -368.0 
751349.0 -595.0 
768704.0 -628.0 
750065.0 -591.0 
740765.0 -570.0 
725451.0 -535.0 
685852.0 -358.0 
724346.0 -531.0 
807625.0 -673.0 
835884.0 -701.0 
935112.0 -746.0 
788801.0 -648.0 
787769.0 -647.0 
834852.0 -700.0 
772001.0 -634.0 
806593.0 -672.0 
934080.0 -745.0 
775395.0 -639.0 
680978.0 -320.0 
758930.0 -604.0 
709653.0 -487.0 
679597.0 -295.0 
725451.0 -535.0 
724440.0 -533.0 
696736.0 -428.0 
689136.0 -380.0 
704404.0 -463.0 
680978.0 -320.0 
742009.0 -573.0 
764222.0 -617.0 
722503.0 -526.0 
704404.0 -463.0 
717868.0 -514.0 
717648.0 -513.0 
809457.0 -675.0 
710149.0 -489.0 
715486.0 -506.0 
705184.0 -467.0 
856956.0 -715.0 
856014.0 -714.0 
705680.0 -469.0 
708411.0 -481.0 
690022.0 -386.0 
698431.0 -436.0 
712567.0 -498.0 
732698.0 -552.0 
688298.0 -374.0 
688139.0 -373.0 
767071.0 -622.0 
766176.0 -621.0 
693376.0 -408.0 
681234.0 -322.0 
793974.0 -656.0 
815896.0 -680.0 
678741.0 -287.0 
680687.0 -318.0 
692693.0 -403.0 
800848.0 -666.0 
800024.0 -665.0 
682514.0 -334.0 
682838.0 -336.0 
701288.0 -449.0 
716622.0 -509.0 
701220.0 -447.0 
690962.0 -393.0 
686662.0 -363.0 
714612.0 -504.0 
684253.0 -346.0 
708875.0 -483.0 
724440.0 -533.0 
734128.0 -556.0 
733375.0 -555.0 
710149.0 -489.0 
678856.0 -289.0 
727941.0 -539.0 
727203.0 -538.0 
698431.0 -436.0 
831988.0 -697.0 
741755.0 -572.0 
741066.0 -571.0 
738660.0 -567.0 
749129.0 -589.0 
737991.0 -565.0 
715276.0 -505.0 
745671.0 -581.0 
683674.0 -342.0 
729042.0 -544.0 
771700.0 -633.0 
775094.0 -638.0 
754345.0 -600.0 
786191.0 -645.0 
749764.0 -590.0 
797795.0 -663.0 
753710.0 -599.0 
711513.0 -493.0 
750681.0 -593.0 
742009.0 -573.0 
750065.0 -591.0 
701162.0 -446.0 
700550.0 -445.0 
758640.0 -603.0 
758033.0 -602.0 
796589.0 -660.0 
700550.0 -445.0 
712050.0 -494.0 
763026.0 -614.0 
763504.0 -615.0 
746149.0 -582.0 
834852.0 -700.0 
834332.0 -699.0 
794590.0 -658.0 
794086.0 -657.0 
806155.0 -671.0 
805657.0 -670.0 
723311.0 -530.0 
707664.0 -478.0 
701784.0 -451.0 
705680.0 -469.0 
705184.0 -467.0 
882250.0 -726.0 
716801.0 -510.0 
746682.0 -583.0 
952383.0 -752.0 
934080.0 -745.0 
933597.0 -744.0 
695247.0 -417.0 
763504.0 -615.0 
746149.0 -582.0 
763026.0 -614.0 
745671.0 -581.0 
734318.0 -557.0 
789270.0 -649.0 
788801.0 -648.0 
708875.0 -483.0 
806593.0 -672.0 
806155.0 -671.0 
721846.0 -523.0 
696255.0 -424.0 
688852.0 -377.0 
699868.0 -443.0 
830436.0 -695.0 
830035.0 -694.0 
684925.0 -353.0 
762209.0 -610.0 
761815.0 -609.0 
729433.0 -545.0 
729042.0 -544.0 
703559.0 -459.0 
751048.0 -594.0 
768403.0 -627.0 
791104.0 -652.0 
790737.0 -651.0 
737101.0 -563.0 
768036.0 -626.0 
699462.0 -442.0 
705883.0 -470.0 
699100.0 -439.0 
717648.0 -513.0 
717290.0 -511.0 
702139.0 -452.0 
694269.0 -413.0 
735147.0 -559.0 
733074.0 -554.0 
732727.0 -553.0 
704980.0 -466.0 
691301.0 -395.0 
690962.0 -393.0 
715823.0 -508.0 
715486.0 -506.0 
688139.0 -373.0 
682838.0 -336.0 
682514.0 -334.0 
690022.0 -386.0 
761815.0 -609.0 
761498.0 -608.0 
789585.0 -650.0 
827486.0 -692.0 
767735.0 -625.0 
789270.0 -649.0 
827171.0 -691.0 
767420.0 -624.0 
687615.0 -369.0 
695477.0 -420.0 
827787.0 -693.0 
798096.0 -664.0 
764582.0 -619.0 
791405.0 -653.0 
786492.0 -646.0 
772001.0 -634.0 
775395.0 -639.0 
733375.0 -555.0 
741066.0 -571.0 
737101.0 -563.0 
768036.0 -626.0 
725752.0 -536.0 
729734.0 -546.0 
749764.0 -590.0 
786191.0 -645.0 
827486.0 -692.0 
797795.0 -663.0 
771700.0 -633.0 
764281.0 -618.0 
791104.0 -652.0 
751048.0 -594.0 
736800.0 -562.0 
767735.0 -625.0 
754345.0 -600.0 
733074.0 -554.0 
775094.0 -638.0 
768403.0 -627.0 
729433.0 -545.0 
744301.0 -577.0 
692603.0 -402.0 
692308.0 -401.0 
687001.0 -365.0 
758640.0 -603.0 
693930.0 -411.0 
690649.0 -390.0 
690366.0 -389.0 
694205.0 -412.0 
693930.0 -411.0 
767420.0 -624.0 
767149.0 -623.0 
693376.0 -408.0 
693033.0 -406.0 
740765.0 -570.0 
740498.0 -568.0 
704148.0 -461.0 
741755.0 -572.0 
762492.0 -613.0 
712299.0 -495.0 
712050.0 -494.0 
692194.0 -400.0 
698604.0 -437.0 
709653.0 -487.0 
722262.0 -524.0 
704640.0 -465.0 
687001.0 -365.0 
682333.0 -332.0 
682099.0 -329.0 
689459.0 -382.0 
689230.0 -381.0 
727941.0 -539.0 
684059.0 -344.0 
683836.0 -343.0 
693033.0 -406.0 
728382.0 -543.0 
728165.0 -540.0 
830651.0 -696.0 
809242.0 -674.0 
830436.0 -695.0 
717868.0 -514.0 
715276.0 -505.0 
729734.0 -546.0 
704980.0 -466.0 
708213.0 -479.0 
689830.0 -385.0 
734318.0 -557.0 
734128.0 -556.0 
681547.0 -328.0 
703559.0 -459.0 
725937.0 -537.0 
766176.0 -621.0 
736800.0 -562.0 
765991.0 -620.0 
725752.0 -536.0 
736615.0 -561.0 
687629.0 -370.0 
716801.0 -510.0 
716622.0 -509.0 
698604.0 -437.0 
688964.0 -379.0 
690905.0 -392.0 
690738.0 -391.0 
683836.0 -343.0 
684221.0 -345.0 
683674.0 -342.0 
684059.0 -344.0 
721846.0 -523.0 
721693.0 -522.0 
689715.0 -384.0 
689568.0 -383.0 
694768.0 -416.0 
688441.0 -376.0 
688298.0 -374.0 
699868.0 -443.0 
686662.0 -363.0 
686527.0 -361.0 
732567.0 -551.0 
696370.0 -425.0 
689830.0 -385.0 
695477.0 -420.0 
689715.0 -384.0 
696255.0 -424.0 
695362.0 -419.0 
692308.0 -401.0 
692194.0 -400.0 
802512.0 -669.0 
813658.0 -679.0 
794702.0 -659.0 
800960.0 -667.0 
794086.0 -657.0 
794590.0 -658.0 
800848.0 -666.0 
813546.0 -678.0 
802400.0 -668.0 
689568.0 -383.0 
682442.0 -333.0 
689459.0 -382.0 
758930.0 -604.0 
682910.0 -337.0 
712299.0 -495.0 
695362.0 -419.0 
695264.0 -418.0 
685948.0 -360.0 
685852.0 -358.0 
696370.0 -425.0 
689230.0 -381.0 
736615.0 -561.0 
736524.0 -560.0 
691631.0 -396.0 
721693.0 -522.0 
692603.0 -402.0 
721603.0 -521.0 
690738.0 -391.0 
690649.0 -390.0 
688964.0 -379.0 
688880.0 -378.0 
767149.0 -623.0 
767071.0 -622.0 
744301.0 -577.0 
744224.0 -576.0 
687310.0 -368.0 
682442.0 -333.0 
692693.0 -403.0 
724415.0 -532.0 
724346.0 -531.0 
701220.0 -447.0 
694269.0 -413.0 
694205.0 -412.0 
695843.0 -423.0 
695782.0 -421.0 
764281.0 -618.0 
701162.0 -446.0 
690905.0 -392.0 
685552.0 -357.0 
684221.0 -345.0 
762209.0 -610.0 
732727.0 -553.0 
688880.0 -378.0 
688852.0 -377.0 
679597.0 -295.0 
724415.0 -532.0 
679572.0 -293.0 
690366.0 -389.0 
703173.0 -458.0 
703153.0 -456.0 
695264.0 -418.0 
695247.0 -417.0 
687629.0 -370.0 
687615.0 -369.0 
684253.0 -346.0 
678858.0 -292.0 
702139.0 -452.0 
678158.0 -252.0 
1056796.0 -765.0 
1026057.0 -762.0 
1015418.0 -761.0 
998751.0 -760.0 
962696.0 -754.0 
988438.0 -758.0 
678642.0 -267.0 
678634.0 -259.0 
982905.0 -756.0 
917948.0 -740.0 
907845.0 -738.0 
890934.0 -731.0 
778259.0 -642.0 
684925.0 -353.0 
848936.0 -710.0 
899161.0 -733.0 
846287.0 -708.0 
921360.0 -741.0 
811493.0 -677.0 
942280.0 -750.0 
925369.0 -743.0 
923411.0 -742.0 
905887.0 -737.0 
776427.0 -640.0 
938637.0 -748.0 
707168.0 -476.0 
853611.0 -713.0 
903836.0 -736.0 
886925.0 -729.0 
885333.0 -728.0 
902244.0 -735.0 
823706.0 -690.0 
822154.0 -688.0 
900677.0 -734.0 
842959.0 -705.0 
841446.0 -704.0 
680197.0 -311.0 
748460.0 -587.0 
770442.0 -630.0 
785556.0 -644.0 
774459.0 -637.0 
844923.0 -706.0 
753087.0 -597.0 
819290.0 -685.0 
818674.0 -683.0 
710897.0 -491.0 
872470.0 -720.0 
871214.0 -719.0 
710149.0 -489.0 
697724.0 -434.0 
679597.0 -295.0 
839316.0 -703.0 
838197.0 -702.0 
696736.0 -428.0 
768704.0 -628.0 
835884.0 -701.0 
935112.0 -746.0 
787769.0 -647.0 
725451.0 -535.0 
680978.0 -320.0 
742009.0 -573.0 
722503.0 -526.0 
704404.0 -463.0 
809457.0 -675.0 
719365.0 -518.0 
856956.0 -715.0 
856014.0 -714.0 
712567.0 -498.0 
793974.0 -656.0 
815896.0 -680.0 
678741.0 -287.0 
732567.0 -551.0 
721603.0 -521.0 
800024.0 -665.0 
760121.0 -607.0 
714612.0 -504.0 
724440.0 -533.0 
678856.0 -289.0 
727203.0 -538.0 
698431.0 -436.0 
831988.0 -697.0 
738660.0 -567.0 
749129.0 -589.0 
737991.0 -565.0 
750681.0 -593.0 
750065.0 -591.0 
758033.0 -602.0 
796589.0 -660.0 
717868.0 -514.0 
834852.0 -700.0 
834332.0 -699.0 
694768.0 -416.0 
805657.0 -670.0 
701784.0 -451.0 
723311.0 -530.0 
707664.0 -478.0 
705680.0 -469.0 
705184.0 -467.0 
882250.0 -726.0 
746682.0 -583.0 
952383.0 -752.0 
934080.0 -745.0 
933597.0 -744.0 
746149.0 -582.0 
763026.0 -614.0 
788801.0 -648.0 
708875.0 -483.0 
806593.0 -672.0 
806155.0 -671.0 
699868.0 -443.0 
830035.0 -694.0 
729042.0 -544.0 
790737.0 -651.0 
699462.0 -442.0 
699100.0 -439.0 
717648.0 -513.0 
717290.0 -511.0 
702139.0 -452.0 
691301.0 -395.0 
684253.0 -346.0 
690962.0 -393.0 
715823.0 -508.0 
715486.0 -506.0 
682838.0 -336.0 
682514.0 -334.0 
690022.0 -386.0 
761815.0 -609.0 
761498.0 -608.0 
789585.0 -650.0 
789270.0 -649.0 
827171.0 -691.0 
687310.0 -368.0 
687001.0 -365.0 
764582.0 -619.0 
827787.0 -693.0 
798096.0 -664.0 
735147.0 -559.0 
791405.0 -653.0 
786492.0 -646.0 
772001.0 -634.0 
775395.0 -639.0 
733375.0 -555.0 
741066.0 -571.0 
737101.0 -563.0 
768036.0 -626.0 
733074.0 -554.0 
768403.0 -627.0 
751048.0 -594.0 
771700.0 -633.0 
797795.0 -663.0 
754345.0 -600.0 
791104.0 -652.0 
767735.0 -625.0 
827486.0 -692.0 
729433.0 -545.0 
758930.0 -604.0 
758640.0 -603.0 
745671.0 -581.0 
693930.0 -411.0 
767420.0 -624.0 
693376.0 -408.0 
740498.0 -568.0 
704148.0 -461.0 
682910.0 -337.0 
741755.0 -572.0 
712050.0 -494.0 
722262.0 -524.0 
704640.0 -465.0 
682333.0 -332.0 
682099.0 -329.0 
727941.0 -539.0 
693033.0 -406.0 
728165.0 -540.0 
830651.0 -696.0 
830436.0 -695.0 
809242.0 -674.0 
715276.0 -505.0 
729734.0 -546.0 
704980.0 -466.0 
708213.0 -479.0 
688139.0 -373.0 
766176.0 -621.0 
736800.0 -562.0 
765991.0 -620.0 
725752.0 -536.0 
716622.0 -509.0 
698604.0 -437.0 
683836.0 -343.0 
684059.0 -344.0 
691631.0 -396.0 
688441.0 -376.0 
688298.0 -374.0 
762209.0 -610.0 
683674.0 -342.0 
686662.0 -363.0 
686527.0 -361.0 
695477.0 -420.0 
696255.0 -424.0 
689715.0 -384.0 
692194.0 -400.0 
813658.0 -679.0 
794702.0 -659.0 
800960.0 -667.0 
794086.0 -657.0 
802400.0 -668.0 
800848.0 -666.0 
794590.0 -658.0 
813546.0 -678.0 
689568.0 -383.0 
689459.0 -382.0 
712299.0 -495.0 
695362.0 -419.0 
685948.0 -360.0 
685852.0 -358.0 
736524.0 -560.0 
721693.0 -522.0 
692603.0 -402.0 
690738.0 -391.0 
690649.0 -390.0 
688964.0 -379.0 
767149.0 -623.0 
767071.0 -622.0 
744301.0 -577.0 
744224.0 -576.0 
682442.0 -333.0 
692693.0 -403.0 
724346.0 -531.0 
701220.0 -447.0 
694205.0 -412.0 
700550.0 -445.0 
695843.0 -423.0 
695782.0 -421.0 
701162.0 -446.0 
690905.0 -392.0 
684221.0 -345.0 
732727.0 -553.0 
688880.0 -378.0 
724415.0 -532.0 
679572.0 -293.0 
703173.0 -458.0 
703153.0 -456.0 
695264.0 -418.0 
695247.0 -417.0 
687629.0 -370.0 
687615.0 -369.0 
678858.0 -292.0 
1056796.0 -765.0 
678158.0 -252.0 
962696.0 -754.0 
952383.0 -752.0 
1026057.0 -762.0 
998751.0 -760.0 
988438.0 -758.0 
982905.0 -756.0 
678642.0 -267.0 
678634.0 -259.0 
917948.0 -740.0 
942280.0 -750.0 
907845.0 -738.0 
890934.0 -731.0 
778259.0 -642.0 
848936.0 -710.0 
899161.0 -733.0 
846287.0 -708.0 
921360.0 -741.0 
925369.0 -743.0 
923411.0 -742.0 
905887.0 -737.0 
776427.0 -640.0 
742009.0 -573.0 
886925.0 -729.0 
885333.0 -728.0 
902244.0 -735.0 
744224.0 -576.0 
823706.0 -690.0 
822154.0 -688.0 
900677.0 -734.0 
842959.0 -705.0 
841446.0 -704.0 
680197.0 -311.0 
938637.0 -748.0 
770442.0 -630.0 
785556.0 -644.0 
844923.0 -706.0 
819290.0 -685.0 
818674.0 -683.0 
853611.0 -713.0 
774459.0 -637.0 
872470.0 -720.0 
871214.0 -719.0 
753087.0 -597.0 
696736.0 -428.0 
760121.0 -607.0 
758930.0 -604.0 
697724.0 -434.0 
679597.0 -295.0 
680978.0 -320.0 
839316.0 -703.0 
838197.0 -702.0 
707168.0 -476.0 
935112.0 -746.0 
835884.0 -701.0 
856014.0 -714.0 
787769.0 -647.0 
831988.0 -697.0 
725451.0 -535.0 
722503.0 -526.0 
704404.0 -463.0 
682099.0 -329.0 
809457.0 -675.0 
719365.0 -518.0 
688441.0 -376.0 
793974.0 -656.0 
815896.0 -680.0 
678741.0 -287.0 
721603.0 -521.0 
800024.0 -665.0 
710149.0 -489.0 
724440.0 -533.0 
678856.0 -289.0 
698431.0 -436.0 
738660.0 -567.0 
750065.0 -591.0 
802400.0 -668.0 
796589.0 -660.0 
694768.0 -416.0 
694205.0 -412.0 
717868.0 -514.0 
746682.0 -583.0 
834852.0 -700.0 
834332.0 -699.0 
749129.0 -589.0 
805657.0 -670.0 
707664.0 -478.0 
705680.0 -469.0 
705184.0 -467.0 
934080.0 -745.0 
933597.0 -744.0 
696255.0 -424.0 
746149.0 -582.0 
723311.0 -530.0 
688880.0 -378.0 
806593.0 -672.0 
806155.0 -671.0 
699868.0 -443.0 
830035.0 -694.0 
790737.0 -651.0 
699100.0 -439.0 
717290.0 -511.0 
702139.0 -452.0 
691301.0 -395.0 
684253.0 -346.0 
715276.0 -505.0 
682838.0 -336.0 
682514.0 -334.0 
690022.0 -386.0 
687629.0 -370.0 
761498.0 -608.0 
789585.0 -650.0 
789270.0 -649.0 
827171.0 -691.0 
687001.0 -365.0 
827787.0 -693.0 
772001.0 -634.0 
798096.0 -664.0 
791405.0 -653.0 
735147.0 -559.0 
786492.0 -646.0 
725752.0 -536.0 
737101.0 -563.0 
741066.0 -571.0 
729734.0 -546.0 
729042.0 -544.0 
768036.0 -626.0 
791104.0 -652.0 
768403.0 -627.0 
733375.0 -555.0 
767735.0 -625.0 
729433.0 -545.0 
827486.0 -692.0 
797795.0 -663.0 
758640.0 -603.0 
745671.0 -581.0 
693930.0 -411.0 
767420.0 -624.0 
693376.0 -408.0 
712567.0 -498.0 
712299.0 -495.0 
740498.0 -568.0 
704148.0 -461.0 
682910.0 -337.0 
741755.0 -572.0 
684925.0 -353.0 
722262.0 -524.0 
704640.0 -465.0 
682333.0 -332.0 
727203.0 -538.0 
727941.0 -539.0 
693033.0 -406.0 
830651.0 -696.0 
809242.0 -674.0 
830436.0 -695.0 
708213.0 -479.0 
688139.0 -373.0 
766176.0 -621.0 
736800.0 -562.0 
765991.0 -620.0 
716622.0 -509.0 
698604.0 -437.0 
882250.0 -726.0 
683836.0 -343.0 
684059.0 -344.0 
691631.0 -396.0 
688298.0 -374.0 
762209.0 -610.0 
686527.0 -361.0 
708875.0 -483.0 
695477.0 -420.0 
689715.0 -384.0 
692194.0 -400.0 
813658.0 -679.0 
794702.0 -659.0 
800960.0 -667.0 
775395.0 -639.0 
794086.0 -657.0 
800848.0 -666.0 
794590.0 -658.0 
813546.0 -678.0 
689459.0 -382.0 
695362.0 -419.0 
685948.0 -360.0 
685852.0 -358.0 
736524.0 -560.0 
690738.0 -391.0 
688964.0 -379.0 
712050.0 -494.0 
767071.0 -622.0 
682442.0 -333.0 
692693.0 -403.0 
724346.0 -531.0 
700550.0 -445.0 
763026.0 -614.0 
695782.0 -421.0 
701162.0 -446.0 
690905.0 -392.0 
684221.0 -345.0 
679572.0 -293.0 
703173.0 -458.0 
703153.0 -456.0 
695264.0 -418.0 
695247.0 -417.0 
1056796.0 -765.0 
678158.0 -252.0 
952383.0 -752.0 
998751.0 -760.0 
988438.0 -758.0 
678642.0 -267.0 
678634.0 -259.0 
917948.0 -740.0 
907845.0 -738.0 
890934.0 -731.0 
899161.0 -733.0 
848936.0 -710.0 
815896.0 -680.0 
846287.0 -708.0 
921360.0 -741.0 
744224.0 -576.0 
925369.0 -743.0 
923411.0 -742.0 
905887.0 -737.0 
942280.0 -750.0 
776427.0 -640.0 
712567.0 -498.0 
742009.0 -573.0 
770442.0 -630.0 
822154.0 -688.0 
886925.0 -729.0 
1026057.0 -762.0 
885333.0 -728.0 
902244.0 -735.0 
823706.0 -690.0 
900677.0 -734.0 
842959.0 -705.0 
841446.0 -704.0 
785556.0 -644.0 
844923.0 -706.0 
717868.0 -514.0 
818674.0 -683.0 
872470.0 -720.0 
871214.0 -719.0 
696736.0 -428.0 
760121.0 -607.0 
697724.0 -434.0 
679597.0 -295.0 
856014.0 -714.0 
839316.0 -703.0 
838197.0 -702.0 
699100.0 -439.0 
935112.0 -746.0 
835884.0 -701.0 
831988.0 -697.0 
787769.0 -647.0 
722503.0 -526.0 
722262.0 -524.0 
704404.0 -463.0 
809457.0 -675.0 
719365.0 -518.0 
737101.0 -563.0 
938637.0 -748.0 
680978.0 -320.0 
793974.0 -656.0 
678741.0 -287.0 
800024.0 -665.0 
680197.0 -311.0 
678856.0 -289.0 
698431.0 -436.0 
758640.0 -603.0 
750065.0 -591.0 
727941.0 -539.0 
819290.0 -685.0 
738660.0 -567.0 
772001.0 -634.0 
802400.0 -668.0 
796589.0 -660.0 
717290.0 -511.0 
694768.0 -416.0 
694205.0 -412.0 
746682.0 -583.0 
834852.0 -700.0 
702139.0 -452.0 
707664.0 -478.0 
753087.0 -597.0 
705680.0 -469.0 
698604.0 -437.0 
705184.0 -467.0 
934080.0 -745.0 
933597.0 -744.0 
696255.0 -424.0 
746149.0 -582.0 
723311.0 -530.0 
688880.0 -378.0 
806593.0 -672.0 
806155.0 -671.0 
830035.0 -694.0 
692693.0 -403.0 
790737.0 -651.0 
708213.0 -479.0 
715276.0 -505.0 
682838.0 -336.0 
682514.0 -334.0 
687629.0 -370.0 
761498.0 -608.0 
789270.0 -649.0 
827171.0 -691.0 
687001.0 -365.0 
827787.0 -693.0 
791405.0 -653.0 
729042.0 -544.0 
786492.0 -646.0 
725752.0 -536.0 
729734.0 -546.0 
741066.0 -571.0 
768036.0 -626.0 
791104.0 -652.0 
768403.0 -627.0 
767735.0 -625.0 
725451.0 -535.0 
712299.0 -495.0 
740498.0 -568.0 
682910.0 -337.0 
704148.0 -461.0 
689459.0 -382.0 
741755.0 -572.0 
684925.0 -353.0 
767071.0 -622.0 
704640.0 -465.0 
727203.0 -538.0 
735147.0 -559.0 
830651.0 -696.0 
830436.0 -695.0 
809242.0 -674.0 
693033.0 -406.0 
688139.0 -373.0 
691631.0 -396.0 
765991.0 -620.0 
716622.0 -509.0 
690905.0 -392.0 
882250.0 -726.0 
684059.0 -344.0 
736524.0 -560.0 
688298.0 -374.0 
762209.0 -610.0 
686527.0 -361.0 
736800.0 -562.0 
691301.0 -395.0 
695477.0 -420.0 
701162.0 -446.0 
692194.0 -400.0 
813658.0 -679.0 
798096.0 -664.0 
794702.0 -659.0 
775395.0 -639.0 
800960.0 -667.0 
794086.0 -657.0 
767420.0 -624.0 
800848.0 -666.0 
813546.0 -678.0 
794590.0 -658.0 
690738.0 -391.0 
712050.0 -494.0 
682442.0 -333.0 
724346.0 -531.0 
700550.0 -445.0 
763026.0 -614.0 
695782.0 -421.0 
684221.0 -345.0 
679572.0 -293.0 
703173.0 -458.0 
703153.0 -456.0 
695264.0 -418.0 
695247.0 -417.0 
745671.0 -581.0 
1056796.0 -765.0 
678158.0 -252.0 
952383.0 -752.0 
678642.0 -267.0 
678634.0 -259.0 
917948.0 -740.0 
907845.0 -738.0 
890934.0 -731.0 
770442.0 -630.0 
680978.0 -320.0 
848936.0 -710.0 
815896.0 -680.0 
846287.0 -708.0 
921360.0 -741.0 
744224.0 -576.0 
925369.0 -743.0 
923411.0 -742.0 
942280.0 -750.0 
776427.0 -640.0 
822154.0 -688.0 
886925.0 -729.0 
1026057.0 -762.0 
902244.0 -735.0 
823706.0 -690.0 
900677.0 -734.0 
841446.0 -704.0 
844923.0 -706.0 
717868.0 -514.0 
717290.0 -511.0 
831988.0 -697.0 
694205.0 -412.0 
818674.0 -683.0 
872470.0 -720.0 
871214.0 -719.0 
750065.0 -591.0 
729042.0 -544.0 
787769.0 -647.0 
679597.0 -295.0 
856014.0 -714.0 
839316.0 -703.0 
838197.0 -702.0 
699100.0 -439.0 
935112.0 -746.0 
835884.0 -701.0 
722503.0 -526.0 
722262.0 -524.0 
809457.0 -675.0 
719365.0 -518.0 
737101.0 -563.0 
938637.0 -748.0 
793974.0 -656.0 
678741.0 -287.0 
800024.0 -665.0 
679572.0 -293.0 
758640.0 -603.0 
716622.0 -509.0 
727941.0 -539.0 
738660.0 -567.0 
827787.0 -693.0 
819290.0 -685.0 
772001.0 -634.0 
827171.0 -691.0 
802400.0 -668.0 
796589.0 -660.0 
905887.0 -737.0 
694768.0 -416.0 
834852.0 -700.0 
705680.0 -469.0 
698604.0 -437.0 
705184.0 -467.0 
934080.0 -745.0 
933597.0 -744.0 
696736.0 -428.0 
746149.0 -582.0 
723311.0 -530.0 
806593.0 -672.0 
806155.0 -671.0 
688880.0 -378.0 
830035.0 -694.0 
790737.0 -651.0 
740498.0 -568.0 
708213.0 -479.0 
735147.0 -559.0 
715276.0 -505.0 
682838.0 -336.0 
761498.0 -608.0 
692693.0 -403.0 
768036.0 -626.0 
786492.0 -646.0 
791405.0 -653.0 
789270.0 -649.0 
767735.0 -625.0 
690738.0 -391.0 
725451.0 -535.0 
712567.0 -498.0 
712299.0 -495.0 
689459.0 -382.0 
704148.0 -461.0 
767071.0 -622.0 
704640.0 -465.0 
727203.0 -538.0 
830651.0 -696.0 
830436.0 -695.0 
809242.0 -674.0 
693033.0 -406.0 
695782.0 -421.0 
691631.0 -396.0 
687629.0 -370.0 
690905.0 -392.0 
882250.0 -726.0 
684059.0 -344.0 
736524.0 -560.0 
686527.0 -361.0 
736800.0 -562.0 
678856.0 -289.0 
692194.0 -400.0 
701162.0 -446.0 
813658.0 -679.0 
798096.0 -664.0 
800960.0 -667.0 
794086.0 -657.0 
767420.0 -624.0 
794702.0 -659.0 
800848.0 -666.0 
794590.0 -658.0 
813546.0 -678.0 
684925.0 -353.0 
741066.0 -571.0 
724346.0 -531.0 
763026.0 -614.0 
682442.0 -333.0 
684221.0 -345.0 
703173.0 -458.0 
695264.0 -418.0 
695247.0 -417.0 
688139.0 -373.0 
745671.0 -581.0 
678158.0 -252.0 
1056796.0 -765.0 
952383.0 -752.0 
678642.0 -267.0 
678634.0 -259.0 
744224.0 -576.0 
907845.0 -738.0 
890934.0 -731.0 
848936.0 -710.0 
815896.0 -680.0 
680978.0 -320.0 
925369.0 -743.0 
923411.0 -742.0 
942280.0 -750.0 
822154.0 -688.0 
841446.0 -704.0 
1026057.0 -762.0 
902244.0 -735.0 
823706.0 -690.0 
722262.0 -524.0 
717868.0 -514.0 
717290.0 -511.0 
831988.0 -697.0 
694205.0 -412.0 
818674.0 -683.0 
872470.0 -720.0 
871214.0 -719.0 
699100.0 -439.0 
705184.0 -467.0 
704640.0 -465.0 
746149.0 -582.0 
787769.0 -647.0 
679597.0 -295.0 
856014.0 -714.0 
839316.0 -703.0 
838197.0 -702.0 
935112.0 -746.0 
835884.0 -701.0 
809457.0 -675.0 
737101.0 -563.0 
786492.0 -646.0 
695782.0 -421.0 
938637.0 -748.0 
770442.0 -630.0 
678741.0 -287.0 
724346.0 -531.0 
800024.0 -665.0 
679572.0 -293.0 
696736.0 -428.0 
727941.0 -539.0 
701162.0 -446.0 
793974.0 -656.0 
772001.0 -634.0 
827787.0 -693.0 
819290.0 -685.0 
827171.0 -691.0 
886925.0 -729.0 
708213.0 -479.0 
794590.0 -658.0 
705680.0 -469.0 
740498.0 -568.0 
698604.0 -437.0 
704148.0 -461.0 
934080.0 -745.0 
933597.0 -744.0 
806593.0 -672.0 
688880.0 -378.0 
715276.0 -505.0 
692693.0 -403.0 
791405.0 -653.0 
789270.0 -649.0 
725451.0 -535.0 
722503.0 -526.0 
767071.0 -622.0 
727203.0 -538.0 
830436.0 -695.0 
723311.0 -530.0 
693033.0 -406.0 
790737.0 -651.0 
687629.0 -370.0 
806155.0 -671.0 
882250.0 -726.0 
684059.0 -344.0 
736524.0 -560.0 
809242.0 -674.0 
703173.0 -458.0 
761498.0 -608.0 
736800.0 -562.0 
678856.0 -289.0 
689459.0 -382.0 
692194.0 -400.0 
767420.0 -624.0 
813658.0 -679.0 
798096.0 -664.0 
800960.0 -667.0 
834852.0 -700.0 
794086.0 -657.0 
813546.0 -678.0 
800848.0 -666.0 
905887.0 -737.0 
741066.0 -571.0 
682442.0 -333.0 
686527.0 -361.0 
684221.0 -345.0 
695247.0 -417.0 
678158.0 -252.0 
1056796.0 -765.0 
678642.0 -267.0 
678634.0 -259.0 
942280.0 -750.0 
890934.0 -731.0 
907845.0 -738.0 
925369.0 -743.0 
923411.0 -742.0 
822154.0 -688.0 
841446.0 -704.0 
831988.0 -697.0 
823706.0 -690.0 
789270.0 -649.0 
787769.0 -647.0 
698604.0 -437.0 
722262.0 -524.0 
717868.0 -514.0 
818674.0 -683.0 
872470.0 -720.0 
871214.0 -719.0 
699100.0 -439.0 
705184.0 -467.0 
704640.0 -465.0 
704148.0 -461.0 
688880.0 -378.0 
679597.0 -295.0 
830436.0 -695.0 
856014.0 -714.0 
838197.0 -702.0 
935112.0 -746.0 
835884.0 -701.0 
737101.0 -563.0 
678856.0 -289.0 
678741.0 -287.0 
724346.0 -531.0 
800024.0 -665.0 
679572.0 -293.0 
708213.0 -479.0 
791405.0 -653.0 
793974.0 -656.0 
902244.0 -735.0 
827787.0 -693.0 
819290.0 -685.0 
848936.0 -710.0 
786492.0 -646.0 
827171.0 -691.0 
741066.0 -571.0 
740498.0 -568.0 
886925.0 -729.0 
794590.0 -658.0 
705680.0 -469.0 
934080.0 -745.0 
715276.0 -505.0 
806593.0 -672.0 
767420.0 -624.0 
767071.0 -622.0 
725451.0 -535.0 
736800.0 -562.0 
722503.0 -526.0 
727203.0 -538.0 
693033.0 -406.0 
687629.0 -370.0 
806155.0 -671.0 
882250.0 -726.0 
684221.0 -345.0 
684059.0 -344.0 
809242.0 -674.0 
692194.0 -400.0 
813658.0 -679.0 
800960.0 -667.0 
798096.0 -664.0 
834852.0 -700.0 
794086.0 -657.0 
800848.0 -666.0 
813546.0 -678.0 
686527.0 -361.0 
695247.0 -417.0 
678158.0 -252.0 
1056796.0 -765.0 
678642.0 -267.0 
678634.0 -259.0 
942280.0 -750.0 
890934.0 -731.0 
740498.0 -568.0 
907845.0 -738.0 
925369.0 -743.0 
838197.0 -702.0 
923411.0 -742.0 
822154.0 -688.0 
841446.0 -704.0 
823706.0 -690.0 
834852.0 -700.0 
789270.0 -649.0 
787769.0 -647.0 
698604.0 -437.0 
722262.0 -524.0 
818674.0 -683.0 
872470.0 -720.0 
704148.0 -461.0 
688880.0 -378.0 
717868.0 -514.0 
679597.0 -295.0 
830436.0 -695.0 
856014.0 -714.0 
724346.0 -531.0 
737101.0 -563.0 
835884.0 -701.0 
678856.0 -289.0 
800960.0 -667.0 
678741.0 -287.0 
800024.0 -665.0 
679572.0 -293.0 
708213.0 -479.0 
791405.0 -653.0 
793974.0 -656.0 
819290.0 -685.0 
848936.0 -710.0 
786492.0 -646.0 
827787.0 -693.0 
827171.0 -691.0 
794590.0 -658.0 
692194.0 -400.0 
705680.0 -469.0 
934080.0 -745.0 
715276.0 -505.0 
806593.0 -672.0 
767420.0 -624.0 
725451.0 -535.0 
722503.0 -526.0 
693033.0 -406.0 
806155.0 -671.0 
684059.0 -344.0 
813658.0 -679.0 
809242.0 -674.0 
798096.0 -664.0 
794086.0 -657.0 
813546.0 -678.0 
800848.0 -666.0 
686527.0 -361.0 
1056796.0 -765.0 
678642.0 -267.0 
678634.0 -259.0 
872470.0 -720.0 
925369.0 -743.0 
809242.0 -674.0 
942280.0 -750.0 
890934.0 -731.0 
934080.0 -745.0 
838197.0 -702.0 
822154.0 -688.0 
823706.0 -690.0 
827171.0 -691.0 
789270.0 -649.0 
787769.0 -647.0 
722262.0 -524.0 
818674.0 -683.0 
704148.0 -461.0 
717868.0 -514.0 
679597.0 -295.0 
856014.0 -714.0 
724346.0 -531.0 
705680.0 -469.0 
835884.0 -701.0 
800960.0 -667.0 
678741.0 -287.0 
800024.0 -665.0 
679572.0 -293.0 
708213.0 -479.0 
793974.0 -656.0 
786492.0 -646.0 
848936.0 -710.0 
791405.0 -653.0 
834852.0 -700.0 
794590.0 -658.0 
715276.0 -505.0 
830436.0 -695.0 
767420.0 -624.0 
722503.0 -526.0 
684059.0 -344.0 
806155.0 -671.0 
813658.0 -679.0 
798096.0 -664.0 
794086.0 -657.0 
800848.0 -666.0 
1056796.0 -765.0 
678634.0 -259.0 
934080.0 -745.0 
872470.0 -720.0 
925369.0 -743.0 
838197.0 -702.0 
942280.0 -750.0 
724346.0 -531.0 
822154.0 -688.0 
809242.0 -674.0 
813658.0 -679.0 
827171.0 -691.0 
789270.0 -649.0 
787769.0 -647.0 
722262.0 -524.0 
704148.0 -461.0 
717868.0 -514.0 
835884.0 -701.0 
800960.0 -667.0 
678741.0 -287.0 
705680.0 -469.0 
679572.0 -293.0 
793974.0 -656.0 
791405.0 -653.0 
834852.0 -700.0 
848936.0 -710.0 
818674.0 -683.0 
794590.0 -658.0 
830436.0 -695.0 
722503.0 -526.0 
708213.0 -479.0 
806155.0 -671.0 
798096.0 -664.0 
794086.0 -657.0 
800848.0 -666.0 
1056796.0 -765.0 
678634.0 -259.0 
934080.0 -745.0 
872470.0 -720.0 
925369.0 -743.0 
791405.0 -653.0 
793974.0 -656.0 
813658.0 -679.0 
789270.0 -649.0 
722262.0 -524.0 
704148.0 -461.0 
800960.0 -667.0 
678741.0 -287.0 
705680.0 -469.0 
679572.0 -293.0 
830436.0 -695.0 
822154.0 -688.0 
809242.0 -674.0 
818674.0 -683.0 
794590.0 -658.0 
722503.0 -526.0 
798096.0 -664.0 
794086.0 -657.0 
800848.0 -666.0 
1056796.0 -765.0 
678634.0 -259.0 
925369.0 -743.0 
872470.0 -720.0 
722503.0 -526.0 
791405.0 -653.0 
793974.0 -656.0 
704148.0 -461.0 
705680.0 -469.0 
800960.0 -667.0 
809242.0 -674.0 
794590.0 -658.0 
818674.0 -683.0 
813658.0 -679.0 
789270.0 -649.0 
794086.0 -657.0 
1056796.0 -765.0 
678634.0 -259.0 
872470.0 -720.0 
791405.0 -653.0 
793974.0 -656.0 
800960.0 -667.0 
704148.0 -461.0 
705680.0 -469.0 
794590.0 -658.0 
818674.0 -683.0 
789270.0 -649.0 
794086.0 -657.0 
1056796.0 -765.0 
678634.0 -259.0 
872470.0 -720.0 
791405.0 -653.0 
704148.0 -461.0 
793974.0 -656.0 
800960.0 -667.0 
794590.0 -658.0 
818674.0 -683.0 
789270.0 -649.0 
794086.0 -657.0 
678634.0 -259.0 
791405.0 -653.0 
793974.0 -656.0 
704148.0 -461.0 
794590.0 -658.0 
818674.0 -683.0 
789270.0 -649.0 
794086.0 -657.0 
678634.0 -259.0 
791405.0 -653.0 
818674.0 -683.0 
793974.0 -656.0 
789270.0 -649.0 
794086.0 -657.0 
818674.0 -683.0 
793974.0 -656.0 
789270.0 -649.0 
794086.0 -657.0 
818674.0 -683.0 
793974.0 -656.0 
789270.0 -649.0 
794086.0 -657.0 
818674.0 -683.0 
793974.0 -656.0 
789270.0 -649.0 
794086.0 -657.0 
818674.0 -683.0 
793974.0 -656.0 
789270.0 -649.0 
794086.0 -657.0 
818674.0 -683.0 
793974.0 -656.0 
789270.0 -649.0 
794086.0 -657.0 
793974.0 -656.0 
789270.0 -649.0 
794086.0 -657.0 
793974.0 -656.0 
789270.0 -649.0 
794086.0 -657.0 
793974.0 -656.0 
789270.0 -649.0 
789270.0 -649.0 
793974.0 -656.0 
793974.0 -656.0 
793974.0 -656.0 
793974.0 -656.0 
794086.0 -657.0 
793974.0 -656.0 
794086.0 -657.0 
818674.0 -683.0 
793974.0 -656.0 
794086.0 -657.0 
794086.0 -657.0 
794086.0 -657.0 
789270.0 -649.0 
818674.0 -683.0 
794086.0 -657.0 
789270.0 -649.0 
818674.0 -683.0 
794086.0 -657.0 
818674.0 -683.0 
793974.0 -656.0 
794086.0 -657.0 
789270.0 -649.0 
793974.0 -656.0 
818674.0 -683.0 
794590.0 -658.0 
789270.0 -649.0 
794590.0 -658.0 
794086.0 -657.0 
793974.0 -656.0 
818674.0 -683.0 
678634.0 -259.0 
794086.0 -657.0 
794590.0 -658.0 
793974.0 -656.0 
704148.0 -461.0 
800960.0 -667.0 
791405.0 -653.0 
872470.0 -720.0 
789270.0 -649.0 
704148.0 -461.0 
794590.0 -658.0 
800960.0 -667.0 
793974.0 -656.0 
678634.0 -259.0 
794590.0 -658.0 
793974.0 -656.0 
791405.0 -653.0 
872470.0 -720.0 
704148.0 -461.0 
791405.0 -653.0 
794590.0 -658.0 
793974.0 -656.0 
789270.0 -649.0 
789270.0 -649.0 
800960.0 -667.0 
794086.0 -657.0 
678634.0 -259.0 
800960.0 -667.0 
789270.0 -649.0 
1056796.0 -765.0 
789270.0 -649.0 
789270.0 -649.0 
813658.0 -679.0 
818674.0 -683.0 
705680.0 -469.0 
793974.0 -656.0 
793974.0 -656.0 
793974.0 -656.0 
794086.0 -657.0 
705680.0 -469.0 
794086.0 -657.0 
809242.0 -674.0 
679572.0 -293.0 
789270.0 -649.0 
800960.0 -667.0 
705680.0 -469.0 
813658.0 -679.0 
678741.0 -287.0 
705680.0 -469.0 
925369.0 -743.0 
794590.0 -658.0 
1056796.0 -765.0 
1056796.0 -765.0 
794590.0 -658.0 
794086.0 -657.0 
722503.0 -526.0 
822154.0 -688.0 
789270.0 -649.0 
813658.0 -679.0 
789270.0 -649.0 
934080.0 -745.0 
872470.0 -720.0 
794086.0 -657.0 
793974.0 -656.0 
800960.0 -667.0 
705680.0 -469.0 
813658.0 -679.0 
794590.0 -658.0 
798096.0 -664.0 
872470.0 -720.0 
1056796.0 -765.0 
722503.0 -526.0 
818674.0 -683.0 
800960.0 -667.0 
830436.0 -695.0 
789270.0 -649.0 
818674.0 -683.0 
872470.0 -720.0 
794086.0 -657.0 
806155.0 -671.0 
789270.0 -649.0 
678741.0 -287.0 
830436.0 -695.0 
827171.0 -691.0 
705680.0 -469.0 
789270.0 -649.0 
835884.0 -701.0 
813658.0 -679.0 
872470.0 -720.0 
722503.0 -526.0 
722503.0 -526.0 
809242.0 -674.0 
679572.0 -293.0 
678741.0 -287.0 
678634.0 -259.0 
679572.0 -293.0 
800848.0 -666.0 
800848.0 -666.0 
793974.0 -656.0 
806155.0 -671.0 
789270.0 -649.0 
813658.0 -679.0 
827171.0 -691.0 
1056796.0 -765.0 
1056796.0 -765.0 
838197.0 -702.0 
835884.0 -701.0 
704148.0 -461.0 
809242.0 -674.0 
722503.0 -526.0 
722262.0 -524.0 
794590.0 -658.0 
678741.0 -287.0 
678634.0 -259.0 
798096.0 -664.0 
794086.0 -657.0 
800848.0 -666.0 
798096.0 -664.0 
793974.0 -656.0 
806155.0 -671.0 
678634.0 -259.0 
835884.0 -701.0 
872470.0 -720.0 
722262.0 -524.0 
856014.0 -714.0 
800960.0 -667.0 
