840573.0 -722.0 
840573.0 -722.0 
840573.0 -722.0 
840573.0 -722.0 
840573.0 -722.0 
840573.0 -722.0 
910957.0 -768.0 
840573.0 -722.0 
723601.0 -417.0 
737155.0 -512.0 
766110.0 -606.0 
910957.0 -768.0 
748021.0 -559.0 
828006.0 -713.0 
840573.0 -722.0 
816739.0 -691.0 
828006.0 -713.0 
910957.0 -768.0 
766110.0 -606.0 
737155.0 -512.0 
723601.0 -417.0 
766110.0 -606.0 
840573.0 -722.0 
816739.0 -691.0 
723601.0 -417.0 
805313.0 -677.0 
880476.0 -750.0 
864936.0 -743.0 
816739.0 -691.0 
737155.0 -512.0 
910957.0 -768.0 
880476.0 -750.0 
840573.0 -722.0 
816188.0 -689.0 
805313.0 -677.0 
828006.0 -713.0 
828006.0 -713.0 
741174.0 -532.0 
766110.0 -606.0 
766110.0 -606.0 
840573.0 -722.0 
788823.0 -645.0 
828006.0 -713.0 
840573.0 -722.0 
737155.0 -512.0 
766110.0 -606.0 
880476.0 -750.0 
758020.0 -591.0 
910957.0 -768.0 
801546.0 -670.0 
737155.0 -512.0 
910957.0 -768.0 
766110.0 -606.0 
880476.0 -750.0 
840573.0 -722.0 
723601.0 -417.0 
828006.0 -713.0 
828006.0 -713.0 
910957.0 -768.0 
801546.0 -670.0 
828006.0 -713.0 
758322.0 -592.0 
840573.0 -722.0 
805313.0 -677.0 
788823.0 -645.0 
720318.0 -379.0 
880476.0 -750.0 
751495.0 -569.0 
801546.0 -670.0 
840573.0 -722.0 
828006.0 -713.0 
758020.0 -591.0 
864936.0 -743.0 
744426.0 -542.0 
788823.0 -645.0 
748021.0 -559.0 
805313.0 -677.0 
801546.0 -670.0 
741174.0 -532.0 
880476.0 -750.0 
723601.0 -417.0 
875528.0 -748.0 
910957.0 -768.0 
864936.0 -743.0 
748021.0 -559.0 
737155.0 -512.0 
910957.0 -768.0 
889520.0 -756.0 
816188.0 -689.0 
801546.0 -670.0 
828006.0 -713.0 
880476.0 -750.0 
816739.0 -691.0 
758020.0 -591.0 
910957.0 -768.0 
766110.0 -606.0 
751495.0 -569.0 
788823.0 -645.0 
852413.0 -735.0 
828006.0 -713.0 
741174.0 -532.0 
723601.0 -417.0 
788823.0 -645.0 
816188.0 -689.0 
737155.0 -512.0 
841439.0 -725.0 
910957.0 -768.0 
891197.0 -757.0 
748021.0 -559.0 
744426.0 -542.0 
875528.0 -748.0 
737155.0 -512.0 
766110.0 -606.0 
768168.0 -612.0 
748021.0 -559.0 
801546.0 -670.0 
789954.0 -647.0 
744426.0 -542.0 
828006.0 -713.0 
758020.0 -591.0 
788823.0 -645.0 
736985.0 -511.0 
864936.0 -743.0 
737155.0 -512.0 
748021.0 -559.0 
737155.0 -512.0 
975352.0 -792.0 
894804.0 -758.0 
801546.0 -670.0 
783328.0 -636.0 
766110.0 -606.0 
758020.0 -591.0 
788823.0 -645.0 
916878.0 -771.0 
788823.0 -645.0 
795317.0 -658.0 
748021.0 -559.0 
875528.0 -748.0 
801546.0 -670.0 
801546.0 -670.0 
744426.0 -542.0 
751495.0 -569.0 
758020.0 -591.0 
788823.0 -645.0 
889520.0 -756.0 
828006.0 -713.0 
864936.0 -743.0 
737155.0 -512.0 
864936.0 -743.0 
910957.0 -768.0 
880476.0 -750.0 
765140.0 -603.0 
748021.0 -559.0 
875528.0 -748.0 
808223.0 -684.0 
748021.0 -559.0 
801546.0 -670.0 
756757.0 -589.0 
788823.0 -645.0 
783328.0 -636.0 
801546.0 -670.0 
875528.0 -748.0 
880476.0 -750.0 
870748.0 -745.0 
964514.0 -788.0 
758020.0 -591.0 
758322.0 -592.0 
795317.0 -658.0 
805313.0 -677.0 
840573.0 -722.0 
766110.0 -606.0 
720318.0 -379.0 
744426.0 -542.0 
864936.0 -743.0 
880476.0 -750.0 
805313.0 -677.0 
910957.0 -768.0 
875528.0 -748.0 
910957.0 -768.0 
748021.0 -559.0 
768168.0 -612.0 
788823.0 -645.0 
783328.0 -636.0 
801546.0 -670.0 
840573.0 -722.0 
916878.0 -771.0 
805313.0 -677.0 
840573.0 -722.0 
766110.0 -606.0 
741174.0 -532.0 
864936.0 -743.0 
805313.0 -677.0 
748021.0 -559.0 
801546.0 -670.0 
737155.0 -512.0 
766110.0 -606.0 
831214.0 -719.0 
875528.0 -748.0 
880476.0 -750.0 
814254.0 -687.0 
852413.0 -735.0 
758020.0 -591.0 
916878.0 -771.0 
975352.0 -792.0 
795317.0 -658.0 
864936.0 -743.0 
723601.0 -417.0 
795317.0 -658.0 
805313.0 -677.0 
816739.0 -691.0 
894804.0 -758.0 
766110.0 -606.0 
744426.0 -542.0 
737155.0 -512.0 
885727.0 -755.0 
805313.0 -677.0 
788823.0 -645.0 
875528.0 -748.0 
910957.0 -768.0 
748021.0 -559.0 
737155.0 -512.0 
768168.0 -612.0 
783328.0 -636.0 
801546.0 -670.0 
828006.0 -713.0 
880476.0 -750.0 
816188.0 -689.0 
758020.0 -591.0 
916878.0 -771.0 
742077.0 -536.0 
724084.0 -438.0 
932695.0 -778.0 
816739.0 -691.0 
766110.0 -606.0 
891197.0 -757.0 
795317.0 -658.0 
805313.0 -677.0 
734564.0 -498.0 
840573.0 -722.0 
789954.0 -647.0 
975352.0 -792.0 
852413.0 -735.0 
916878.0 -771.0 
751495.0 -569.0 
741174.0 -532.0 
748021.0 -559.0 
894804.0 -758.0 
801546.0 -670.0 
885727.0 -755.0 
745807.0 -548.0 
816188.0 -689.0 
795317.0 -658.0 
841439.0 -725.0 
754793.0 -584.0 
720318.0 -379.0 
816739.0 -691.0 
880476.0 -750.0 
788823.0 -645.0 
864936.0 -743.0 
736985.0 -511.0 
831214.0 -719.0 
814254.0 -687.0 
840573.0 -722.0 
788823.0 -645.0 
880476.0 -750.0 
720318.0 -379.0 
741714.0 -534.0 
747481.0 -557.0 
840573.0 -722.0 
723601.0 -417.0 
938582.0 -780.0 
745807.0 -548.0 
910957.0 -768.0 
816188.0 -689.0 
841439.0 -725.0 
779445.0 -632.0 
816739.0 -691.0 
765140.0 -603.0 
723601.0 -417.0 
756757.0 -589.0 
805313.0 -677.0 
758020.0 -591.0 
828006.0 -713.0 
903720.0 -765.0 
917295.0 -772.0 
807261.0 -679.0 
736985.0 -511.0 
788823.0 -645.0 
828006.0 -713.0 
975352.0 -792.0 
852413.0 -735.0 
916878.0 -771.0 
741174.0 -532.0 
748021.0 -559.0 
798807.0 -664.0 
894804.0 -758.0 
801546.0 -670.0 
816188.0 -689.0 
841439.0 -725.0 
864936.0 -743.0 
805313.0 -677.0 
828006.0 -713.0 
783566.0 -637.0 
768168.0 -612.0 
891197.0 -757.0 
880476.0 -750.0 
744426.0 -542.0 
805313.0 -677.0 
864936.0 -743.0 
880476.0 -750.0 
895833.0 -760.0 
880476.0 -750.0 
885727.0 -755.0 
816188.0 -689.0 
880476.0 -750.0 
976379.0 -794.0 
894804.0 -758.0 
756757.0 -589.0 
741174.0 -532.0 
864936.0 -743.0 
870748.0 -745.0 
818008.0 -696.0 
718367.0 -341.0 
960574.0 -787.0 
753432.0 -578.0 
754793.0 -584.0 
768168.0 -612.0 
741714.0 -534.0 
748021.0 -559.0 
765140.0 -603.0 
774813.0 -622.0 
745807.0 -548.0 
720318.0 -379.0 
841439.0 -725.0 
783328.0 -636.0 
818008.0 -696.0 
737155.0 -512.0 
766110.0 -606.0 
789954.0 -647.0 
747481.0 -557.0 
916878.0 -771.0 
744426.0 -542.0 
723601.0 -417.0 
772012.0 -619.0 
805313.0 -677.0 
734952.0 -504.0 
910957.0 -768.0 
723601.0 -417.0 
748021.0 -559.0 
758322.0 -592.0 
816739.0 -691.0 
864936.0 -743.0 
840573.0 -722.0 
789954.0 -647.0 
808223.0 -684.0 
881927.0 -753.0 
916878.0 -771.0 
831214.0 -719.0 
754793.0 -584.0 
768168.0 -612.0 
903720.0 -765.0 
745807.0 -548.0 
765140.0 -603.0 
910957.0 -768.0 
766110.0 -606.0 
788823.0 -645.0 
736985.0 -511.0 
975352.0 -792.0 
805313.0 -677.0 
783633.0 -639.0 
822370.0 -701.0 
766110.0 -606.0 
789954.0 -647.0 
891197.0 -757.0 
938582.0 -780.0 
854424.0 -736.0 
885727.0 -755.0 
824944.0 -705.0 
768168.0 -612.0 
731809.0 -489.0 
748021.0 -559.0 
742077.0 -536.0 
816188.0 -689.0 
976379.0 -794.0 
758322.0 -592.0 
741174.0 -532.0 
964514.0 -788.0 
798807.0 -664.0 
741174.0 -532.0 
814254.0 -687.0 
789954.0 -647.0 
808223.0 -684.0 
975352.0 -792.0 
720318.0 -379.0 
799295.0 -666.0 
831214.0 -719.0 
768168.0 -612.0 
741714.0 -534.0 
748021.0 -559.0 
766110.0 -606.0 
738299.0 -520.0 
720318.0 -379.0 
841439.0 -725.0 
758322.0 -592.0 
894804.0 -758.0 
736985.0 -511.0 
807261.0 -679.0 
975352.0 -792.0 
783328.0 -636.0 
737155.0 -512.0 
766110.0 -606.0 
840573.0 -722.0 
789954.0 -647.0 
831214.0 -719.0 
744426.0 -542.0 
891197.0 -757.0 
885727.0 -755.0 
761338.0 -597.0 
756757.0 -589.0 
789954.0 -647.0 
808223.0 -684.0 
814254.0 -687.0 
917295.0 -772.0 
932695.0 -778.0 
783328.0 -636.0 
720318.0 -379.0 
831214.0 -719.0 
724084.0 -438.0 
756756.0 -588.0 
818009.0 -697.0 
742077.0 -536.0 
736985.0 -511.0 
745807.0 -548.0 
768168.0 -612.0 
753249.0 -576.0 
737155.0 -512.0 
960574.0 -787.0 
903720.0 -765.0 
885727.0 -755.0 
798807.0 -664.0 
864936.0 -743.0 
727667.0 -458.0 
831214.0 -719.0 
758020.0 -591.0 
756757.0 -589.0 
768168.0 -612.0 
765140.0 -603.0 
741714.0 -534.0 
841439.0 -725.0 
916878.0 -771.0 
903720.0 -765.0 
739251.0 -523.0 
758322.0 -592.0 
779445.0 -632.0 
789954.0 -647.0 
938582.0 -780.0 
894804.0 -758.0 
738299.0 -520.0 
795317.0 -658.0 
752454.0 -573.0 
891197.0 -757.0 
917295.0 -772.0 
772012.0 -619.0 
798807.0 -664.0 
880476.0 -750.0 
889520.0 -756.0 
924751.0 -775.0 
720318.0 -379.0 
831214.0 -719.0 
734564.0 -498.0 
745807.0 -548.0 
816188.0 -689.0 
976379.0 -794.0 
746755.0 -552.0 
765140.0 -603.0 
790442.0 -649.0 
772695.0 -621.0 
783633.0 -639.0 
766110.0 -606.0 
766110.0 -606.0 
831214.0 -719.0 
758020.0 -591.0 
921452.0 -774.0 
756757.0 -589.0 
768168.0 -612.0 
741714.0 -534.0 
789954.0 -647.0 
795317.0 -658.0 
841439.0 -725.0 
826597.0 -710.0 
758322.0 -592.0 
801303.0 -669.0 
788823.0 -645.0 
915114.0 -770.0 
807261.0 -679.0 
801546.0 -670.0 
795317.0 -658.0 
799295.0 -666.0 
910957.0 -768.0 
772012.0 -619.0 
798807.0 -664.0 
783566.0 -637.0 
880476.0 -750.0 
889520.0 -756.0 
772012.0 -619.0 
852413.0 -735.0 
831214.0 -719.0 
828006.0 -713.0 
916878.0 -771.0 
894804.0 -758.0 
737155.0 -512.0 
754793.0 -584.0 
742077.0 -536.0 
976379.0 -794.0 
932695.0 -778.0 
863178.0 -741.0 
742077.0 -536.0 
745807.0 -548.0 
768168.0 -612.0 
960574.0 -787.0 
721542.0 -401.0 
880476.0 -750.0 
718367.0 -341.0 
903720.0 -765.0 
768168.0 -612.0 
756757.0 -589.0 
765140.0 -603.0 
795317.0 -658.0 
916878.0 -771.0 
741174.0 -532.0 
758322.0 -592.0 
751495.0 -569.0 
779445.0 -632.0 
734952.0 -504.0 
894804.0 -758.0 
748021.0 -559.0 
723601.0 -417.0 
891197.0 -757.0 
875528.0 -748.0 
964514.0 -788.0 
798807.0 -664.0 
852413.0 -735.0 
720721.0 -387.0 
831214.0 -719.0 
828006.0 -713.0 
916878.0 -771.0 
734564.0 -498.0 
745807.0 -548.0 
816188.0 -689.0 
910957.0 -768.0 
756756.0 -588.0 
736985.0 -511.0 
742077.0 -536.0 
737155.0 -512.0 
783633.0 -639.0 
766110.0 -606.0 
938582.0 -780.0 
885727.0 -755.0 
854424.0 -736.0 
854424.0 -736.0 
768168.0 -612.0 
741174.0 -532.0 
748636.0 -560.0 
788823.0 -645.0 
737155.0 -512.0 
775508.0 -624.0 
814254.0 -687.0 
938582.0 -780.0 
783566.0 -637.0 
788327.0 -644.0 
850723.0 -731.0 
910957.0 -768.0 
724084.0 -438.0 
783633.0 -639.0 
779445.0 -632.0 
881927.0 -753.0 
917295.0 -772.0 
895833.0 -760.0 
852175.0 -734.0 
1009333.0 -799.0 
901396.0 -764.0 
736985.0 -511.0 
822370.0 -701.0 
765140.0 -603.0 
894804.0 -758.0 
870748.0 -745.0 
824944.0 -705.0 
751495.0 -569.0 
818009.0 -697.0 
910957.0 -768.0 
783633.0 -639.0 
975352.0 -792.0 
921452.0 -774.0 
748021.0 -559.0 
783566.0 -637.0 
774813.0 -622.0 
807261.0 -679.0 
916878.0 -771.0 
724084.0 -438.0 
765140.0 -603.0 
852413.0 -735.0 
805313.0 -677.0 
863178.0 -741.0 
736985.0 -511.0 
741174.0 -532.0 
720721.0 -387.0 
808223.0 -684.0 
758322.0 -592.0 
938582.0 -780.0 
783328.0 -636.0 
789073.0 -646.0 
720318.0 -379.0 
720318.0 -379.0 
748021.0 -559.0 
739504.0 -524.0 
798807.0 -664.0 
916878.0 -771.0 
727667.0 -458.0 
910957.0 -768.0 
798807.0 -664.0 
793208.0 -655.0 
828006.0 -713.0 
816739.0 -691.0 
747481.0 -557.0 
917295.0 -772.0 
738299.0 -520.0 
751495.0 -569.0 
727667.0 -458.0 
814254.0 -687.0 
822370.0 -701.0 
891197.0 -757.0 
880476.0 -750.0 
895833.0 -760.0 
783328.0 -636.0 
768168.0 -612.0 
765140.0 -603.0 
723601.0 -417.0 
840573.0 -722.0 
917295.0 -772.0 
721542.0 -401.0 
754793.0 -584.0 
864936.0 -743.0 
731809.0 -489.0 
818009.0 -697.0 
779445.0 -632.0 
790442.0 -649.0 
758020.0 -591.0 
831214.0 -719.0 
752842.0 -575.0 
718994.0 -343.0 
766219.0 -610.0 
752454.0 -573.0 
732495.0 -490.0 
891197.0 -757.0 
864936.0 -743.0 
758322.0 -592.0 
891197.0 -757.0 
910957.0 -768.0 
747303.0 -556.0 
794694.0 -657.0 
734952.0 -504.0 
824944.0 -705.0 
748021.0 -559.0 
938582.0 -780.0 
772695.0 -621.0 
924751.0 -775.0 
774813.0 -622.0 
734564.0 -498.0 
770046.0 -616.0 
832352.0 -720.0 
854424.0 -736.0 
783566.0 -637.0 
795317.0 -658.0 
841439.0 -725.0 
784358.0 -640.0 
976379.0 -794.0 
852413.0 -735.0 
737155.0 -512.0 
875528.0 -748.0 
807261.0 -679.0 
846683.0 -728.0 
783328.0 -636.0 
960574.0 -787.0 
766110.0 -606.0 
964514.0 -788.0 
885727.0 -755.0 
738299.0 -520.0 
976379.0 -794.0 
814254.0 -687.0 
807261.0 -679.0 
828006.0 -713.0 
728857.0 -474.0 
880728.0 -752.0 
889520.0 -756.0 
798807.0 -664.0 
816188.0 -689.0 
854424.0 -736.0 
772012.0 -619.0 
903720.0 -765.0 
895833.0 -760.0 
932695.0 -778.0 
889520.0 -756.0 
910957.0 -768.0 
947117.0 -785.0 
756756.0 -588.0 
737155.0 -512.0 
976379.0 -794.0 
908698.0 -767.0 
723601.0 -417.0 
805313.0 -677.0 
885727.0 -755.0 
958851.0 -786.0 
891197.0 -757.0 
964514.0 -788.0 
765140.0 -603.0 
756756.0 -588.0 
741174.0 -532.0 
740835.0 -530.0 
766110.0 -606.0 
783566.0 -637.0 
816739.0 -691.0 
831214.0 -719.0 
852413.0 -735.0 
807261.0 -679.0 
745807.0 -548.0 
799295.0 -666.0 
745604.0 -546.0 
783328.0 -636.0 
818009.0 -697.0 
754793.0 -584.0 
738299.0 -520.0 
731809.0 -489.0 
880476.0 -750.0 
870748.0 -745.0 
724084.0 -438.0 
822370.0 -701.0 
805313.0 -677.0 
975352.0 -792.0 
976379.0 -794.0 
912851.0 -769.0 
750130.0 -567.0 
870748.0 -745.0 
756757.0 -589.0 
852041.0 -733.0 
938582.0 -780.0 
917295.0 -772.0 
801303.0 -669.0 
894804.0 -758.0 
741174.0 -532.0 
932695.0 -778.0 
921452.0 -774.0 
755990.0 -587.0 
814254.0 -687.0 
744426.0 -542.0 
772012.0 -619.0 
852413.0 -735.0 
738299.0 -520.0 
879217.0 -749.0 
734952.0 -504.0 
818009.0 -697.0 
753432.0 -578.0 
734564.0 -498.0 
807261.0 -679.0 
779445.0 -632.0 
894804.0 -758.0 
894804.0 -758.0 
891197.0 -757.0 
841439.0 -725.0 
903720.0 -765.0 
818009.0 -697.0 
818008.0 -696.0 
894804.0 -758.0 
752454.0 -573.0 
799295.0 -666.0 
783328.0 -636.0 
720721.0 -387.0 
783566.0 -637.0 
921452.0 -774.0 
814254.0 -687.0 
801303.0 -669.0 
852413.0 -735.0 
776688.0 -629.0 
841054.0 -723.0 
975898.0 -793.0 
889520.0 -756.0 
891197.0 -757.0 
724084.0 -438.0 
753249.0 -576.0 
753745.0 -579.0 
720318.0 -379.0 
736985.0 -511.0 
960574.0 -787.0 
841439.0 -725.0 
736985.0 -511.0 
910957.0 -768.0 
852041.0 -733.0 
742077.0 -536.0 
772012.0 -619.0 
770046.0 -616.0 
889520.0 -756.0 
738299.0 -520.0 
755990.0 -587.0 
748021.0 -559.0 
801303.0 -669.0 
939055.0 -782.0 
895833.0 -760.0 
852413.0 -735.0 
759974.0 -596.0 
728310.0 -466.0 
734039.0 -496.0 
766110.0 -606.0 
852175.0 -734.0 
779445.0 -632.0 
894804.0 -758.0 
822370.0 -701.0 
745807.0 -548.0 
793208.0 -655.0 
765140.0 -603.0 
744426.0 -542.0 
743023.0 -537.0 
784992.0 -641.0 
789073.0 -646.0 
745807.0 -548.0 
720932.0 -398.0 
903720.0 -765.0 
891197.0 -757.0 
724084.0 -438.0 
772695.0 -621.0 
766219.0 -610.0 
734952.0 -504.0 
808886.0 -686.0 
762480.0 -601.0 
754480.0 -583.0 
795317.0 -658.0 
816739.0 -691.0 
820584.0 -699.0 
734564.0 -498.0 
870748.0 -745.0 
768168.0 -612.0 
723601.0 -417.0 
734564.0 -498.0 
748684.0 -562.0 
826597.0 -710.0 
754793.0 -584.0 
818008.0 -696.0 
818009.0 -697.0 
894804.0 -758.0 
720318.0 -379.0 
828006.0 -713.0 
758020.0 -591.0 
824944.0 -705.0 
783566.0 -637.0 
817150.0 -694.0 
958851.0 -786.0 
968317.0 -791.0 
864936.0 -743.0 
889520.0 -756.0 
718994.0 -343.0 
891197.0 -757.0 
921452.0 -774.0 
801546.0 -670.0 
964514.0 -788.0 
771595.0 -618.0 
801546.0 -670.0 
724084.0 -438.0 
753249.0 -576.0 
753432.0 -578.0 
783633.0 -639.0 
756756.0 -588.0 
916878.0 -771.0 
718367.0 -341.0 
756757.0 -589.0 
917295.0 -772.0 
736686.0 -506.0 
852413.0 -735.0 
932695.0 -778.0 
775037.0 -623.0 
750486.0 -568.0 
746755.0 -552.0 
857815.0 -737.0 
755990.0 -587.0 
789955.0 -648.0 
790753.0 -650.0 
947117.0 -785.0 
728857.0 -474.0 
1009333.0 -799.0 
738299.0 -520.0 
802074.0 -673.0 
854424.0 -736.0 
766110.0 -606.0 
852175.0 -734.0 
779445.0 -632.0 
908698.0 -767.0 
751832.0 -571.0 
793208.0 -655.0 
765140.0 -603.0 
734952.0 -504.0 
744426.0 -542.0 
924751.0 -775.0 
745807.0 -548.0 
903720.0 -765.0 
891197.0 -757.0 
724084.0 -438.0 
772695.0 -621.0 
731809.0 -489.0 
976379.0 -794.0 
757022.0 -590.0 
795317.0 -658.0 
881927.0 -753.0 
864936.0 -743.0 
734564.0 -498.0 
788327.0 -644.0 
870748.0 -745.0 
747303.0 -556.0 
818008.0 -696.0 
818009.0 -697.0 
801546.0 -670.0 
720318.0 -379.0 
752454.0 -573.0 
783328.0 -636.0 
875528.0 -748.0 
740835.0 -530.0 
720721.0 -387.0 
921452.0 -774.0 
814254.0 -687.0 
958851.0 -786.0 
840573.0 -722.0 
889520.0 -756.0 
801546.0 -670.0 
780441.0 -635.0 
910957.0 -768.0 
742077.0 -536.0 
901396.0 -764.0 
759706.0 -594.0 
739251.0 -523.0 
960574.0 -787.0 
756756.0 -588.0 
756757.0 -589.0 
774813.0 -622.0 
742077.0 -536.0 
768168.0 -612.0 
750130.0 -567.0 
784358.0 -640.0 
932695.0 -778.0 
738299.0 -520.0 
754063.0 -582.0 
789954.0 -647.0 
798807.0 -664.0 
798523.0 -663.0 
731298.0 -483.0 
1009333.0 -799.0 
738299.0 -520.0 
761338.0 -597.0 
807261.0 -679.0 
731809.0 -489.0 
766110.0 -606.0 
852175.0 -734.0 
779445.0 -632.0 
758322.0 -592.0 
822370.0 -701.0 
908698.0 -767.0 
917295.0 -772.0 
745807.0 -548.0 
903720.0 -765.0 
720721.0 -387.0 
792034.0 -653.0 
805887.0 -678.0 
765140.0 -603.0 
798807.0 -664.0 
924751.0 -775.0 
903720.0 -765.0 
891197.0 -757.0 
921452.0 -774.0 
795317.0 -658.0 
816739.0 -691.0 
885727.0 -755.0 
881927.0 -753.0 
864936.0 -743.0 
744426.0 -542.0 
850723.0 -731.0 
777583.0 -630.0 
758322.0 -592.0 
747303.0 -556.0 
818008.0 -696.0 
818009.0 -697.0 
801546.0 -670.0 
894804.0 -758.0 
720318.0 -379.0 
828006.0 -713.0 
799295.0 -666.0 
921452.0 -774.0 
814254.0 -687.0 
852413.0 -735.0 
801303.0 -669.0 
747062.0 -555.0 
765140.0 -603.0 
889520.0 -756.0 
718994.0 -343.0 
891197.0 -757.0 
779445.0 -632.0 
910957.0 -768.0 
742077.0 -536.0 
901396.0 -764.0 
801546.0 -670.0 
732495.0 -490.0 
753249.0 -576.0 
753745.0 -579.0 
879217.0 -749.0 
744492.0 -543.0 
783633.0 -639.0 
960574.0 -787.0 
916878.0 -771.0 
718367.0 -341.0 
756757.0 -589.0 
779257.0 -631.0 
736985.0 -511.0 
805313.0 -677.0 
766219.0 -610.0 
874220.0 -747.0 
826597.0 -710.0 
757022.0 -590.0 
834881.0 -721.0 
741714.0 -534.0 
928018.0 -776.0 
894804.0 -758.0 
799295.0 -666.0 
808223.0 -684.0 
863178.0 -741.0 
863178.0 -741.0 
917295.0 -772.0 
759706.0 -594.0 
788823.0 -645.0 
939055.0 -782.0 
741174.0 -532.0 
768168.0 -612.0 
824944.0 -705.0 
741714.0 -534.0 
848021.0 -729.0 
777583.0 -630.0 
793208.0 -655.0 
720721.0 -387.0 
807261.0 -679.0 
741174.0 -532.0 
718994.0 -343.0 
753432.0 -578.0 
738299.0 -520.0 
766110.0 -606.0 
1009333.0 -799.0 
880476.0 -750.0 
784358.0 -640.0 
840573.0 -722.0 
721542.0 -401.0 
761338.0 -597.0 
755990.0 -587.0 
749411.0 -564.0 
755031.0 -585.0 
739251.0 -523.0 
801546.0 -670.0 
924751.0 -775.0 
875528.0 -748.0 
780441.0 -635.0 
846683.0 -728.0 
802074.0 -673.0 
915114.0 -770.0 
798523.0 -663.0 
958851.0 -786.0 
734952.0 -504.0 
756757.0 -589.0 
765140.0 -603.0 
788327.0 -644.0 
728857.0 -474.0 
727667.0 -458.0 
753745.0 -579.0 
770046.0 -616.0 
732495.0 -490.0 
738299.0 -520.0 
750130.0 -567.0 
816739.0 -691.0 
789955.0 -648.0 
965012.0 -789.0 
772695.0 -621.0 
740835.0 -530.0 
852413.0 -735.0 
779445.0 -632.0 
744426.0 -542.0 
903720.0 -765.0 
743023.0 -537.0 
924751.0 -775.0 
889520.0 -756.0 
895833.0 -760.0 
755990.0 -587.0 
917295.0 -772.0 
828006.0 -713.0 
744492.0 -543.0 
816739.0 -691.0 
912851.0 -769.0 
736985.0 -511.0 
817150.0 -694.0 
850723.0 -731.0 
728857.0 -474.0 
826597.0 -710.0 
783328.0 -636.0 
795317.0 -658.0 
789073.0 -646.0 
776688.0 -629.0 
795317.0 -658.0 
772695.0 -621.0 
903720.0 -765.0 
825002.0 -706.0 
805313.0 -677.0 
937025.0 -779.0 
728310.0 -466.0 
894804.0 -758.0 
766110.0 -606.0 
805313.0 -677.0 
718994.0 -343.0 
766219.0 -610.0 
718367.0 -341.0 
901396.0 -764.0 
844154.0 -727.0 
757022.0 -590.0 
732495.0 -490.0 
720932.0 -398.0 
818009.0 -697.0 
879217.0 -749.0 
754793.0 -584.0 
863178.0 -741.0 
881927.0 -753.0 
917295.0 -772.0 
743769.0 -541.0 
741714.0 -534.0 
766219.0 -610.0 
742077.0 -536.0 
775508.0 -624.0 
807261.0 -679.0 
718994.0 -343.0 
753432.0 -578.0 
770046.0 -616.0 
774813.0 -622.0 
738299.0 -520.0 
766110.0 -606.0 
747303.0 -556.0 
852175.0 -734.0 
724084.0 -438.0 
793208.0 -655.0 
828006.0 -713.0 
750486.0 -568.0 
754480.0 -583.0 
880476.0 -750.0 
737155.0 -512.0 
814254.0 -687.0 
784358.0 -640.0 
761338.0 -597.0 
975352.0 -792.0 
750130.0 -567.0 
779257.0 -631.0 
854424.0 -736.0 
799200.0 -665.0 
805887.0 -678.0 
754793.0 -584.0 
739251.0 -523.0 
960574.0 -787.0 
734952.0 -504.0 
780441.0 -635.0 
783566.0 -637.0 
765140.0 -603.0 
788327.0 -644.0 
749892.0 -565.0 
789073.0 -646.0 
891197.0 -757.0 
854424.0 -736.0 
852041.0 -733.0 
938582.0 -780.0 
732495.0 -490.0 
881927.0 -753.0 
734211.0 -497.0 
958851.0 -786.0 
830364.0 -716.0 
790442.0 -649.0 
964514.0 -788.0 
740835.0 -530.0 
790442.0 -649.0 
832352.0 -720.0 
751832.0 -571.0 
822370.0 -701.0 
831214.0 -719.0 
753432.0 -578.0 
720318.0 -379.0 
924751.0 -775.0 
739251.0 -523.0 
751495.0 -569.0 
889520.0 -756.0 
751495.0 -569.0 
799780.0 -667.0 
725401.0 -447.0 
870748.0 -745.0 
828006.0 -713.0 
784992.0 -641.0 
736985.0 -511.0 
814254.0 -687.0 
817150.0 -694.0 
864936.0 -743.0 
841054.0 -723.0 
783328.0 -636.0 
801848.0 -672.0 
765006.0 -602.0 
772695.0 -621.0 
864936.0 -743.0 
721542.0 -401.0 
766110.0 -606.0 
805313.0 -677.0 
766219.0 -610.0 
938582.0 -780.0 
762480.0 -601.0 
783328.0 -636.0 
826597.0 -710.0 
754793.0 -584.0 
968317.0 -791.0 
758322.0 -592.0 
863178.0 -741.0 
863178.0 -741.0 
921452.0 -774.0 
736985.0 -511.0 
895833.0 -760.0 
742077.0 -536.0 
775508.0 -624.0 
777583.0 -630.0 
793208.0 -655.0 
744904.0 -544.0 
807261.0 -679.0 
736686.0 -506.0 
774813.0 -622.0 
828006.0 -713.0 
932695.0 -778.0 
754480.0 -583.0 
718367.0 -341.0 
831214.0 -719.0 
880476.0 -750.0 
820584.0 -699.0 
784358.0 -640.0 
792034.0 -653.0 
761338.0 -597.0 
779257.0 -631.0 
755990.0 -587.0 
960574.0 -787.0 
752454.0 -573.0 
801546.0 -670.0 
734952.0 -504.0 
745604.0 -546.0 
780441.0 -635.0 
915114.0 -770.0 
734952.0 -504.0 
756757.0 -589.0 
885727.0 -755.0 
728857.0 -474.0 
727667.0 -458.0 
848657.0 -730.0 
765140.0 -603.0 
880476.0 -750.0 
770046.0 -616.0 
938582.0 -780.0 
732495.0 -490.0 
789955.0 -648.0 
734564.0 -498.0 
982334.0 -797.0 
790442.0 -649.0 
752741.0 -574.0 
852413.0 -735.0 
779445.0 -632.0 
744426.0 -542.0 
743023.0 -537.0 
924751.0 -775.0 
729334.0 -479.0 
772012.0 -619.0 
799295.0 -666.0 
976379.0 -794.0 
870748.0 -745.0 
828006.0 -713.0 
748684.0 -562.0 
746138.0 -550.0 
816739.0 -691.0 
912851.0 -769.0 
736985.0 -511.0 
826597.0 -710.0 
795317.0 -658.0 
789073.0 -646.0 
776688.0 -629.0 
903720.0 -765.0 
731809.0 -489.0 
720721.0 -387.0 
731809.0 -489.0 
805313.0 -677.0 
734039.0 -496.0 
805313.0 -677.0 
718994.0 -343.0 
766219.0 -610.0 
752065.0 -572.0 
938582.0 -780.0 
762480.0 -601.0 
748636.0 -560.0 
826597.0 -710.0 
755539.0 -586.0 
737783.0 -518.0 
741714.0 -534.0 
975352.0 -792.0 
754793.0 -584.0 
799295.0 -666.0 
808223.0 -684.0 
863178.0 -741.0 
921452.0 -774.0 
758322.0 -592.0 
741314.0 -533.0 
768028.0 -611.0 
895833.0 -760.0 
793208.0 -655.0 
747303.0 -556.0 
765006.0 -602.0 
768168.0 -612.0 
774813.0 -622.0 
779257.0 -631.0 
819604.0 -698.0 
754063.0 -582.0 
784992.0 -641.0 
748636.0 -560.0 
889520.0 -756.0 
734564.0 -498.0 
880476.0 -750.0 
848657.0 -730.0 
964514.0 -788.0 
802074.0 -673.0 
761720.0 -600.0 
840573.0 -722.0 
783566.0 -637.0 
751832.0 -571.0 
852413.0 -735.0 
742077.0 -536.0 
831214.0 -719.0 
754480.0 -583.0 
825002.0 -706.0 
733835.0 -494.0 
872411.0 -746.0 
734952.0 -504.0 
894804.0 -758.0 
891197.0 -757.0 
790753.0 -650.0 
731809.0 -489.0 
921452.0 -774.0 
762480.0 -601.0 
891197.0 -757.0 
779445.0 -632.0 
779445.0 -632.0 
723932.0 -425.0 
805887.0 -678.0 
976379.0 -794.0 
818008.0 -696.0 
792034.0 -653.0 
734952.0 -504.0 
788823.0 -645.0 
899060.0 -762.0 
846683.0 -728.0 
752454.0 -573.0 
820584.0 -699.0 
720932.0 -398.0 
822370.0 -701.0 
826597.0 -710.0 
751495.0 -569.0 
852175.0 -734.0 
732495.0 -490.0 
752065.0 -572.0 
759706.0 -594.0 
744426.0 -542.0 
841054.0 -723.0 
725401.0 -447.0 
751495.0 -569.0 
938582.0 -780.0 
816739.0 -691.0 
747303.0 -556.0 
752454.0 -573.0 
885727.0 -755.0 
788823.0 -645.0 
870748.0 -745.0 
758020.0 -591.0 
848021.0 -729.0 
744426.0 -542.0 
898869.0 -761.0 
726369.0 -457.0 
978279.0 -796.0 
745807.0 -548.0 
775037.0 -623.0 
738299.0 -520.0 
744904.0 -544.0 
754480.0 -583.0 
924751.0 -775.0 
879217.0 -749.0 
753745.0 -579.0 
947117.0 -785.0 
722790.0 -413.0 
753745.0 -579.0 
901396.0 -764.0 
798523.0 -663.0 
745807.0 -548.0 
937025.0 -779.0 
755539.0 -586.0 
854424.0 -736.0 
831101.0 -717.0 
759974.0 -596.0 
724456.0 -442.0 
757022.0 -590.0 
758322.0 -592.0 
828006.0 -713.0 
779257.0 -631.0 
728857.0 -474.0 
769955.0 -614.0 
756756.0 -588.0 
718367.0 -341.0 
746755.0 -552.0 
820584.0 -699.0 
820927.0 -700.0 
916878.0 -771.0 
895833.0 -760.0 
804378.0 -676.0 
795879.0 -661.0 
736985.0 -511.0 
739251.0 -523.0 
788327.0 -644.0 
805313.0 -677.0 
789955.0 -648.0 
958851.0 -786.0 
801848.0 -672.0 
745235.0 -545.0 
768647.0 -613.0 
822370.0 -701.0 
852413.0 -735.0 
866947.0 -744.0 
772695.0 -621.0 
759706.0 -594.0 
768028.0 -611.0 
741764.0 -535.0 
771595.0 -618.0 
740544.0 -526.0 
862761.0 -740.0 
802074.0 -673.0 
739251.0 -523.0 
917295.0 -772.0 
964514.0 -788.0 
802074.0 -673.0 
766219.0 -610.0 
832352.0 -720.0 
826597.0 -710.0 
728310.0 -466.0 
721542.0 -401.0 
731298.0 -483.0 
770046.0 -616.0 
822635.0 -704.0 
736912.0 -507.0 
814254.0 -687.0 
734884.0 -500.0 
754793.0 -584.0 
752842.0 -575.0 
734952.0 -504.0 
894804.0 -758.0 
749892.0 -565.0 
826597.0 -710.0 
790753.0 -650.0 
891197.0 -757.0 
779445.0 -632.0 
805887.0 -678.0 
794694.0 -657.0 
889520.0 -756.0 
792034.0 -653.0 
965012.0 -789.0 
789073.0 -646.0 
788823.0 -645.0 
859531.0 -738.0 
958851.0 -786.0 
752741.0 -574.0 
752454.0 -573.0 
787518.0 -643.0 
975352.0 -792.0 
721542.0 -401.0 
822370.0 -701.0 
826597.0 -710.0 
750130.0 -567.0 
879217.0 -749.0 
863178.0 -741.0 
975898.0 -793.0 
881927.0 -753.0 
857815.0 -737.0 
748684.0 -562.0 
816739.0 -691.0 
747303.0 -556.0 
752454.0 -573.0 
885727.0 -755.0 
788823.0 -645.0 
928358.0 -777.0 
801546.0 -670.0 
720932.0 -398.0 
780441.0 -635.0 
791385.0 -651.0 
724502.0 -445.0 
982334.0 -797.0 
881927.0 -753.0 
745807.0 -548.0 
