1081822.0 -692.0 
671066.0 -351.0 
1081822.0 -692.0 
671066.0 -351.0 
958488.0 -662.0 
912144.0 -660.0 
703555.0 -411.0 
736675.0 -461.0 
742119.0 -482.0 
746385.0 -499.0 
703940.0 -426.0 
780270.0 -539.0 
737508.0 -475.0 
781737.0 -550.0 
1068725.0 -691.0 
671902.0 -364.0 
702357.0 -403.0 
671180.0 -353.0 
844337.0 -611.0 
759770.0 -520.0 
763487.0 -531.0 
762280.0 -526.0 
1015083.0 -676.0 
722861.0 -449.0 
768890.0 -533.0 
774923.0 -536.0 
1028780.0 -682.0 
1005552.0 -675.0 
799629.0 -573.0 
969514.0 -666.0 
1000850.0 -674.0 
672513.0 -370.0 
867554.0 -641.0 
983169.0 -669.0 
857866.0 -630.0 
688615.0 -389.0 
753495.0 -516.0 
836099.0 -602.0 
850301.0 -620.0 
808974.0 -576.0 
990177.0 -671.0 
872429.0 -642.0 
749969.0 -507.0 
875981.0 -645.0 
750086.0 -512.0 
730016.0 -460.0 
776814.0 -538.0 
853822.0 -626.0 
739663.0 -480.0 
822903.0 -589.0 
843445.0 -606.0 
1044301.0 -685.0 
1036938.0 -684.0 
802909.0 -575.0 
1025044.0 -680.0 
788126.0 -556.0 
789924.0 -558.0 
739437.0 -477.0 
1068725.0 -691.0 
976342.0 -667.0 
1061897.0 -690.0 
686661.0 -387.0 
756878.0 -517.0 
904000.0 -658.0 
820663.0 -583.0 
672256.0 -365.0 
824377.0 -591.0 
769580.0 -535.0 
689377.0 -393.0 
710286.0 -436.0 
746702.0 -501.0 
673020.0 -373.0 
885259.0 -650.0 
847472.0 -619.0 
966487.0 -664.0 
724238.0 -457.0 
723909.0 -453.0 
749969.0 -507.0 
862382.0 -637.0 
683008.0 -379.0 
763294.0 -527.0 
874516.0 -643.0 
1019085.0 -679.0 
912144.0 -660.0 
958488.0 -662.0 
781751.0 -551.0 
695635.0 -399.0 
694359.0 -397.0 
791521.0 -560.0 
715379.0 -442.0 
712065.0 -439.0 
702053.0 -401.0 
828434.0 -594.0 
746385.0 -499.0 
742119.0 -482.0 
683654.0 -382.0 
683654.0 -382.0 
786515.0 -554.0 
901897.0 -657.0 
896514.0 -656.0 
884250.0 -648.0 
846397.0 -617.0 
718746.0 -448.0 
880086.0 -646.0 
798269.0 -570.0 
757855.0 -519.0 
859085.0 -633.0 
715379.0 -442.0 
676943.0 -376.0 
795059.0 -566.0 
839555.0 -603.0 
728024.0 -458.0 
995161.0 -672.0 
704411.0 -427.0 
679302.0 -378.0 
988074.0 -670.0 
676943.0 -376.0 
1005552.0 -675.0 
1036938.0 -684.0 
1052081.0 -687.0 
1032236.0 -683.0 
1047379.0 -686.0 
907442.0 -659.0 
963177.0 -663.0 
839909.0 -604.0 
865693.0 -639.0 
815403.0 -580.0 
888539.0 -652.0 
692290.0 -396.0 
746702.0 -501.0 
815403.0 -580.0 
852250.0 -623.0 
810006.0 -577.0 
697738.0 -400.0 
845720.0 -615.0 
968198.0 -665.0 
686661.0 -387.0 
712065.0 -439.0 
880086.0 -646.0 
751826.0 -513.0 
707555.0 -432.0 
980467.0 -668.0 
976342.0 -667.0 
891448.0 -653.0 
718171.0 -445.0 
852250.0 -623.0 
724227.0 -454.0 
855154.0 -628.0 
827062.0 -592.0 
833500.0 -600.0 
833500.0 -600.0 
830914.0 -598.0 
798269.0 -570.0 
1016548.0 -678.0 
1025044.0 -680.0 
859085.0 -633.0 
821739.0 -586.0 
821739.0 -586.0 
709228.0 -435.0 
1061897.0 -690.0 
1032236.0 -683.0 
1058441.0 -689.0 
705825.0 -431.0 
907442.0 -659.0 
997408.0 -673.0 
1055514.0 -688.0 
1052081.0 -687.0 
894291.0 -655.0 
785129.0 -553.0 
963177.0 -663.0 
812109.0 -578.0 
812109.0 -578.0 
802909.0 -575.0 
818666.0 -582.0 
818666.0 -582.0 
830914.0 -598.0 
828936.0 -596.0 
689377.0 -393.0 
842987.0 -605.0 
1047379.0 -686.0 
1044301.0 -685.0 
865693.0 -639.0 
793875.0 -563.0 
718171.0 -445.0 
793261.0 -561.0 
1058441.0 -689.0 
1055514.0 -688.0 
705308.0 -430.0 
673020.0 -373.0 
692290.0 -396.0 
888168.0 -651.0 
861977.0 -636.0 
795377.0 -567.0 
894291.0 -655.0 
891448.0 -653.0 
861977.0 -636.0 
795377.0 -567.0 
980467.0 -668.0 
785129.0 -553.0 
845720.0 -615.0 
