945270.0 -701.0 
697900.0 -364.0 
697399.0 -359.0 
704685.0 -414.0 
711134.0 -447.0 
811290.0 -654.0 
811290.0 -654.0 
704685.0 -414.0 
711134.0 -447.0 
798412.0 -636.0 
811290.0 -654.0 
697900.0 -364.0 
798412.0 -636.0 
711134.0 -447.0 
711134.0 -447.0 
798412.0 -636.0 
711134.0 -447.0 
697900.0 -364.0 
709349.0 -437.0 
1009977.0 -706.0 
798412.0 -636.0 
711134.0 -447.0 
697900.0 -364.0 
698162.0 -367.0 
945270.0 -701.0 
704685.0 -414.0 
711134.0 -447.0 
709349.0 -437.0 
798412.0 -636.0 
811290.0 -654.0 
711134.0 -447.0 
711134.0 -447.0 
697900.0 -364.0 
807339.0 -648.0 
704685.0 -414.0 
798412.0 -636.0 
711134.0 -447.0 
704685.0 -414.0 
751618.0 -573.0 
704685.0 -414.0 
711134.0 -447.0 
711134.0 -447.0 
706310.0 -425.0 
698576.0 -370.0 
798412.0 -636.0 
811290.0 -654.0 
719081.0 -479.0 
751618.0 -573.0 
719906.0 -485.0 
811290.0 -654.0 
788643.0 -625.0 
697900.0 -364.0 
697900.0 -364.0 
751618.0 -573.0 
742179.0 -552.0 
807339.0 -648.0 
711134.0 -447.0 
945270.0 -701.0 
704685.0 -414.0 
945270.0 -701.0 
811290.0 -654.0 
811290.0 -654.0 
977797.0 -702.0 
807339.0 -648.0 
711134.0 -447.0 
865065.0 -683.0 
751618.0 -573.0 
788643.0 -625.0 
709349.0 -437.0 
742179.0 -552.0 
697900.0 -364.0 
719081.0 -479.0 
977797.0 -702.0 
706310.0 -425.0 
697900.0 -364.0 
945270.0 -701.0 
939966.0 -698.0 
711134.0 -447.0 
807339.0 -648.0 
751618.0 -573.0 
709349.0 -437.0 
945270.0 -701.0 
717638.0 -476.0 
697900.0 -364.0 
751618.0 -573.0 
811290.0 -654.0 
798412.0 -636.0 
719081.0 -479.0 
706310.0 -425.0 
697900.0 -364.0 
932276.0 -697.0 
701454.0 -395.0 
751618.0 -573.0 
788643.0 -625.0 
776319.0 -610.0 
742179.0 -552.0 
939966.0 -698.0 
751618.0 -573.0 
811290.0 -654.0 
798412.0 -636.0 
776046.0 -609.0 
719081.0 -479.0 
977797.0 -702.0 
698780.0 -371.0 
809794.0 -652.0 
941569.0 -700.0 
945270.0 -701.0 
802178.0 -642.0 
704685.0 -414.0 
773509.0 -605.0 
711134.0 -447.0 
710606.0 -446.0 
939966.0 -698.0 
748403.0 -565.0 
734289.0 -535.0 
776046.0 -609.0 
811290.0 -654.0 
939966.0 -698.0 
719081.0 -479.0 
782226.0 -618.0 
708090.0 -435.0 
751618.0 -573.0 
865065.0 -683.0 
717638.0 -476.0 
701454.0 -395.0 
719081.0 -479.0 
709349.0 -437.0 
806746.0 -647.0 
788643.0 -625.0 
708090.0 -435.0 
807339.0 -648.0 
715497.0 -466.0 
704685.0 -414.0 
756733.0 -581.0 
697900.0 -364.0 
1009977.0 -706.0 
977797.0 -702.0 
698780.0 -371.0 
939966.0 -698.0 
738075.0 -544.0 
788643.0 -625.0 
798412.0 -636.0 
807339.0 -648.0 
697616.0 -360.0 
701454.0 -395.0 
698576.0 -370.0 
719081.0 -479.0 
709349.0 -437.0 
806746.0 -647.0 
724168.0 -499.0 
822451.0 -665.0 
707955.0 -434.0 
798412.0 -636.0 
709416.0 -438.0 
704694.0 -415.0 
758517.0 -584.0 
767033.0 -593.0 
719906.0 -485.0 
700015.0 -376.0 
744160.0 -554.0 
811290.0 -654.0 
788643.0 -625.0 
709349.0 -437.0 
941569.0 -700.0 
798412.0 -636.0 
809794.0 -652.0 
807339.0 -648.0 
760559.0 -588.0 
802178.0 -642.0 
720670.0 -488.0 
704272.0 -413.0 
706310.0 -425.0 
709349.0 -437.0 
788643.0 -625.0 
703478.0 -409.0 
776046.0 -609.0 
698780.0 -371.0 
811290.0 -654.0 
724393.0 -500.0 
977797.0 -702.0 
802178.0 -642.0 
828988.0 -668.0 
739805.0 -548.0 
719081.0 -479.0 
704685.0 -414.0 
718110.0 -477.0 
737518.0 -542.0 
754088.0 -578.0 
939966.0 -698.0 
1009977.0 -706.0 
720670.0 -488.0 
697616.0 -360.0 
941569.0 -700.0 
704694.0 -415.0 
711134.0 -447.0 
709349.0 -437.0 
809794.0 -652.0 
773509.0 -605.0 
706310.0 -425.0 
752590.0 -575.0 
760559.0 -588.0 
977797.0 -702.0 
751618.0 -573.0 
698576.0 -370.0 
711134.0 -447.0 
706310.0 -425.0 
807339.0 -648.0 
849800.0 -679.0 
698375.0 -369.0 
809794.0 -652.0 
698366.0 -368.0 
742179.0 -552.0 
822451.0 -665.0 
701454.0 -395.0 
801111.0 -641.0 
697901.0 -365.0 
751618.0 -573.0 
776046.0 -609.0 
939966.0 -698.0 
717638.0 -476.0 
719906.0 -485.0 
705909.0 -424.0 
977797.0 -702.0 
724168.0 -499.0 
707007.0 -431.0 
719081.0 -479.0 
766615.0 -592.0 
719081.0 -479.0 
781609.0 -616.0 
756733.0 -581.0 
701454.0 -395.0 
730812.0 -524.0 
940166.0 -699.0 
1009977.0 -706.0 
984527.0 -704.0 
720670.0 -488.0 
806746.0 -647.0 
707955.0 -434.0 
945270.0 -701.0 
785158.0 -622.0 
701805.0 -396.0 
709349.0 -437.0 
809794.0 -652.0 
704272.0 -413.0 
777272.0 -612.0 
706310.0 -425.0 
1009977.0 -706.0 
751618.0 -573.0 
711134.0 -447.0 
728677.0 -514.0 
706310.0 -425.0 
717638.0 -476.0 
782226.0 -618.0 
697900.0 -364.0 
809794.0 -652.0 
748403.0 -565.0 
822451.0 -665.0 
796272.0 -633.0 
811290.0 -654.0 
902316.0 -695.0 
704685.0 -414.0 
806746.0 -647.0 
811290.0 -654.0 
788643.0 -625.0 
719906.0 -485.0 
977863.0 -703.0 
807339.0 -648.0 
708839.0 -436.0 
708090.0 -435.0 
719081.0 -479.0 
767033.0 -593.0 
710606.0 -446.0 
745966.0 -558.0 
730812.0 -524.0 
719081.0 -479.0 
718110.0 -477.0 
734289.0 -535.0 
754088.0 -578.0 
701454.0 -395.0 
939966.0 -698.0 
720670.0 -488.0 
708090.0 -435.0 
798412.0 -636.0 
806746.0 -647.0 
707955.0 -434.0 
698780.0 -371.0 
711134.0 -447.0 
709349.0 -437.0 
809794.0 -652.0 
760559.0 -588.0 
977797.0 -702.0 
711134.0 -447.0 
883818.0 -688.0 
941569.0 -700.0 
811290.0 -654.0 
809998.0 -653.0 
945270.0 -701.0 
700032.0 -389.0 
828988.0 -668.0 
697616.0 -360.0 
698780.0 -371.0 
712549.0 -454.0 
703478.0 -409.0 
720670.0 -488.0 
725575.0 -502.0 
736371.0 -539.0 
734289.0 -535.0 
731012.0 -525.0 
709416.0 -438.0 
773509.0 -605.0 
724168.0 -499.0 
701454.0 -395.0 
939966.0 -698.0 
700015.0 -376.0 
806746.0 -647.0 
730812.0 -524.0 
709433.0 -439.0 
697900.0 -364.0 
767033.0 -593.0 
1009977.0 -706.0 
698780.0 -371.0 
902316.0 -695.0 
1009977.0 -706.0 
697901.0 -365.0 
760559.0 -588.0 
697616.0 -360.0 
798412.0 -636.0 
737518.0 -542.0 
760559.0 -588.0 
718110.0 -477.0 
748403.0 -565.0 
776319.0 -610.0 
773803.0 -606.0 
704685.0 -414.0 
775097.0 -608.0 
698375.0 -369.0 
719081.0 -479.0 
702271.0 -400.0 
822451.0 -665.0 
710606.0 -446.0 
807339.0 -648.0 
697399.0 -359.0 
849800.0 -679.0 
707612.0 -433.0 
977797.0 -702.0 
698366.0 -368.0 
708090.0 -435.0 
730167.0 -521.0 
698780.0 -371.0 
703478.0 -409.0 
725575.0 -502.0 
773509.0 -605.0 
801111.0 -641.0 
734289.0 -535.0 
700015.0 -376.0 
702955.0 -403.0 
766615.0 -592.0 
707007.0 -431.0 
796272.0 -633.0 
697900.0 -364.0 
706310.0 -425.0 
697900.0 -364.0 
754088.0 -578.0 
709349.0 -437.0 
716501.0 -470.0 
722416.0 -493.0 
727135.0 -510.0 
718110.0 -477.0 
782226.0 -618.0 
697616.0 -360.0 
724168.0 -499.0 
748484.0 -566.0 
745966.0 -558.0 
748403.0 -565.0 
941569.0 -700.0 
704685.0 -414.0 
729883.0 -519.0 
977797.0 -702.0 
865065.0 -683.0 
806746.0 -647.0 
741986.0 -551.0 
739525.0 -547.0 
883818.0 -688.0 
719081.0 -479.0 
796563.0 -634.0 
807339.0 -648.0 
945270.0 -701.0 
811290.0 -654.0 
977797.0 -702.0 
698366.0 -368.0 
748403.0 -565.0 
788643.0 -625.0 
703478.0 -409.0 
742179.0 -552.0 
720670.0 -488.0 
977863.0 -703.0 
744160.0 -554.0 
751618.0 -573.0 
701454.0 -395.0 
709416.0 -438.0 
701454.0 -395.0 
939966.0 -698.0 
756733.0 -581.0 
700015.0 -376.0 
766615.0 -592.0 
845248.0 -676.0 
796272.0 -633.0 
776046.0 -609.0 
709349.0 -437.0 
709433.0 -439.0 
697900.0 -364.0 
698576.0 -370.0 
765154.0 -591.0 
767033.0 -593.0 
700029.0 -377.0 
719081.0 -479.0 
720670.0 -488.0 
734135.0 -534.0 
733453.0 -531.0 
782226.0 -618.0 
697616.0 -360.0 
802178.0 -642.0 
798412.0 -636.0 
737518.0 -542.0 
760559.0 -588.0 
704272.0 -413.0 
785158.0 -622.0 
748403.0 -565.0 
706649.0 -427.0 
747065.0 -562.0 
744160.0 -554.0 
785158.0 -622.0 
697399.0 -359.0 
828988.0 -668.0 
977863.0 -703.0 
733453.0 -531.0 
818921.0 -660.0 
709349.0 -437.0 
704685.0 -414.0 
748403.0 -565.0 
776046.0 -609.0 
865065.0 -683.0 
756733.0 -581.0 
766615.0 -592.0 
977797.0 -702.0 
788643.0 -625.0 
712529.0 -453.0 
698366.0 -368.0 
704694.0 -415.0 
767033.0 -593.0 
704874.0 -416.0 
709416.0 -438.0 
748053.0 -564.0 
752590.0 -575.0 
698576.0 -370.0 
730812.0 -524.0 
706702.0 -428.0 
782226.0 -618.0 
849800.0 -679.0 
714451.0 -463.0 
725961.0 -506.0 
719906.0 -485.0 
767330.0 -595.0 
1009977.0 -706.0 
849800.0 -679.0 
758517.0 -584.0 
719081.0 -479.0 
932276.0 -697.0 
716501.0 -470.0 
698366.0 -368.0 
706861.0 -429.0 
742179.0 -552.0 
707007.0 -431.0 
796563.0 -634.0 
809794.0 -652.0 
900339.0 -693.0 
731012.0 -525.0 
725575.0 -502.0 
822451.0 -665.0 
741986.0 -551.0 
705701.0 -423.0 
743027.0 -553.0 
722416.0 -493.0 
703478.0 -409.0 
822252.0 -664.0 
715790.0 -467.0 
792180.0 -628.0 
707955.0 -434.0 
811290.0 -654.0 
713915.0 -460.0 
715497.0 -466.0 
703131.0 -406.0 
734289.0 -535.0 
747065.0 -562.0 
701454.0 -395.0 
754855.0 -579.0 
717638.0 -476.0 
711134.0 -447.0 
717638.0 -476.0 
725575.0 -502.0 
809344.0 -651.0 
698375.0 -369.0 
767249.0 -594.0 
785158.0 -622.0 
820746.0 -662.0 
939966.0 -698.0 
750811.0 -572.0 
702271.0 -400.0 
697399.0 -359.0 
709349.0 -437.0 
977863.0 -703.0 
754088.0 -578.0 
706310.0 -425.0 
789997.0 -627.0 
902316.0 -695.0 
736371.0 -539.0 
701866.0 -397.0 
705167.0 -418.0 
710606.0 -446.0 
709416.0 -438.0 
752590.0 -575.0 
744315.0 -556.0 
698576.0 -370.0 
902316.0 -695.0 
730812.0 -524.0 
782226.0 -618.0 
709433.0 -439.0 
786222.0 -623.0 
714731.0 -464.0 
883818.0 -688.0 
739805.0 -548.0 
719906.0 -485.0 
704272.0 -413.0 
767330.0 -595.0 
849800.0 -679.0 
708090.0 -435.0 
1009977.0 -706.0 
698366.0 -368.0 
697616.0 -360.0 
724168.0 -499.0 
775097.0 -608.0 
754088.0 -578.0 
703846.0 -411.0 
737338.0 -541.0 
708839.0 -436.0 
707007.0 -431.0 
773509.0 -605.0 
796563.0 -634.0 
807339.0 -648.0 
753736.0 -577.0 
731012.0 -525.0 
725575.0 -502.0 
822451.0 -665.0 
713915.0 -460.0 
716258.0 -468.0 
711984.0 -452.0 
738557.0 -545.0 
710137.0 -444.0 
939966.0 -698.0 
713540.0 -459.0 
900421.0 -694.0 
769612.0 -600.0 
728677.0 -514.0 
720183.0 -487.0 
748403.0 -565.0 
945270.0 -701.0 
730812.0 -524.0 
745966.0 -558.0 
776046.0 -609.0 
712933.0 -456.0 
709790.0 -442.0 
734289.0 -535.0 
747065.0 -562.0 
720670.0 -488.0 
701454.0 -395.0 
754856.0 -580.0 
756733.0 -581.0 
724393.0 -500.0 
749020.0 -568.0 
809998.0 -653.0 
788643.0 -625.0 
760559.0 -588.0 
725575.0 -502.0 
809344.0 -651.0 
698375.0 -369.0 
871821.0 -686.0 
706649.0 -427.0 
802178.0 -642.0 
727135.0 -510.0 
702271.0 -400.0 
838956.0 -674.0 
806746.0 -647.0 
977863.0 -703.0 
811290.0 -654.0 
709349.0 -437.0 
706310.0 -425.0 
748403.0 -565.0 
756733.0 -581.0 
766615.0 -592.0 
977797.0 -702.0 
788643.0 -625.0 
704694.0 -415.0 
797783.0 -635.0 
746343.0 -561.0 
742179.0 -552.0 
709433.0 -439.0 
786222.0 -623.0 
883818.0 -688.0 
739805.0 -548.0 
719906.0 -485.0 
704272.0 -413.0 
758517.0 -584.0 
719081.0 -479.0 
708090.0 -435.0 
1009977.0 -706.0 
698366.0 -368.0 
697616.0 -360.0 
724168.0 -499.0 
775097.0 -608.0 
754088.0 -578.0 
759569.0 -586.0 
708090.0 -435.0 
737338.0 -541.0 
742179.0 -552.0 
707007.0 -431.0 
796272.0 -633.0 
710606.0 -446.0 
739320.0 -546.0 
707612.0 -433.0 
945270.0 -701.0 
731012.0 -525.0 
725575.0 -502.0 
822451.0 -665.0 
793259.0 -629.0 
696764.0 -347.0 
730167.0 -521.0 
712549.0 -454.0 
711231.0 -449.0 
706580.0 -426.0 
722416.0 -493.0 
733684.0 -533.0 
709790.0 -442.0 
732181.0 -528.0 
728092.0 -513.0 
802980.0 -645.0 
777272.0 -612.0 
700029.0 -377.0 
743027.0 -553.0 
784323.0 -620.0 
809998.0 -653.0 
748053.0 -564.0 
709790.0 -442.0 
702271.0 -400.0 
714731.0 -464.0 
707612.0 -433.0 
941569.0 -700.0 
737518.0 -542.0 
715497.0 -466.0 
800758.0 -640.0 
865065.0 -683.0 
702271.0 -400.0 
788643.0 -625.0 
700032.0 -389.0 
705909.0 -424.0 
712549.0 -454.0 
767916.0 -596.0 
773509.0 -605.0 
739805.0 -548.0 
717638.0 -476.0 
711134.0 -447.0 
722416.0 -493.0 
730167.0 -521.0 
727135.0 -510.0 
828988.0 -668.0 
822451.0 -665.0 
701184.0 -394.0 
799009.0 -638.0 
697399.0 -359.0 
749020.0 -568.0 
760559.0 -588.0 
977797.0 -702.0 
710606.0 -446.0 
745966.0 -558.0 
748403.0 -565.0 
838956.0 -674.0 
704272.0 -413.0 
696429.0 -343.0 
697900.0 -364.0 
777653.0 -613.0 
813439.0 -656.0 
737338.0 -541.0 
796272.0 -633.0 
776046.0 -609.0 
838956.0 -674.0 
769612.0 -600.0 
744160.0 -554.0 
702331.0 -402.0 
739320.0 -546.0 
729883.0 -519.0 
768832.0 -598.0 
799378.0 -639.0 
709416.0 -438.0 
724393.0 -500.0 
739805.0 -548.0 
883818.0 -688.0 
734135.0 -534.0 
932276.0 -697.0 
730167.0 -521.0 
734289.0 -535.0 
849800.0 -679.0 
719906.0 -485.0 
717439.0 -475.0 
711231.0 -449.0 
789997.0 -627.0 
703131.0 -406.0 
726160.0 -508.0 
709349.0 -437.0 
718110.0 -477.0 
719081.0 -479.0 
846689.0 -678.0 
796563.0 -634.0 
704874.0 -416.0 
885336.0 -690.0 
752590.0 -575.0 
757830.0 -583.0 
744315.0 -556.0 
739525.0 -547.0 
722189.0 -491.0 
701454.0 -395.0 
713540.0 -459.0 
811290.0 -654.0 
698366.0 -368.0 
756733.0 -581.0 
700029.0 -377.0 
793259.0 -629.0 
706649.0 -427.0 
758517.0 -584.0 
945270.0 -701.0 
738003.0 -543.0 
720183.0 -487.0 
719081.0 -479.0 
809998.0 -653.0 
748053.0 -564.0 
709790.0 -442.0 
710012.0 -443.0 
737518.0 -542.0 
797783.0 -635.0 
822451.0 -665.0 
699202.0 -374.0 
773803.0 -606.0 
865065.0 -683.0 
781609.0 -616.0 
700032.0 -389.0 
703194.0 -408.0 
712549.0 -454.0 
802980.0 -645.0 
711134.0 -447.0 
717638.0 -476.0 
711984.0 -452.0 
806746.0 -647.0 
828988.0 -668.0 
776527.0 -611.0 
710606.0 -446.0 
900421.0 -694.0 
709433.0 -439.0 
786222.0 -623.0 
809998.0 -653.0 
773509.0 -605.0 
849800.0 -679.0 
702955.0 -403.0 
720670.0 -488.0 
736148.0 -538.0 
697399.0 -359.0 
749020.0 -568.0 
977797.0 -702.0 
697616.0 -360.0 
733453.0 -531.0 
731012.0 -525.0 
744160.0 -554.0 
725575.0 -502.0 
718110.0 -477.0 
710606.0 -446.0 
745966.0 -558.0 
828988.0 -668.0 
707499.0 -432.0 
754856.0 -580.0 
776319.0 -610.0 
775097.0 -608.0 
813241.0 -655.0 
796272.0 -633.0 
977797.0 -702.0 
724155.0 -498.0 
707007.0 -431.0 
759890.0 -587.0 
776046.0 -609.0 
838956.0 -674.0 
712549.0 -454.0 
902316.0 -695.0 
744160.0 -554.0 
702955.0 -403.0 
703846.0 -411.0 
739320.0 -546.0 
771648.0 -604.0 
802236.0 -643.0 
715790.0 -467.0 
724393.0 -500.0 
737338.0 -541.0 
754855.0 -579.0 
713915.0 -460.0 
745966.0 -558.0 
715497.0 -466.0 
698576.0 -370.0 
748017.0 -563.0 
730440.0 -522.0 
734289.0 -535.0 
782226.0 -618.0 
724393.0 -500.0 
736371.0 -539.0 
818921.0 -660.0 
744160.0 -554.0 
733684.0 -533.0 
984527.0 -704.0 
717031.0 -473.0 
788429.0 -624.0 
696764.0 -347.0 
725961.0 -506.0 
760559.0 -588.0 
718110.0 -477.0 
719081.0 -479.0 
845248.0 -676.0 
809794.0 -652.0 
871821.0 -686.0 
792180.0 -628.0 
771215.0 -602.0 
716501.0 -470.0 
752590.0 -575.0 
765154.0 -591.0 
788643.0 -625.0 
709433.0 -439.0 
819119.0 -661.0 
706702.0 -428.0 
719906.0 -485.0 
750811.0 -572.0 
730767.0 -523.0 
738557.0 -545.0 
798412.0 -636.0 
733453.0 -531.0 
705701.0 -423.0 
730812.0 -524.0 
793259.0 -629.0 
706649.0 -427.0 
743027.0 -553.0 
720748.0 -489.0 
738075.0 -544.0 
837791.0 -673.0 
808060.0 -650.0 
748683.0 -567.0 
748053.0 -564.0 
702271.0 -400.0 
941569.0 -700.0 
883818.0 -688.0 
712529.0 -453.0 
763141.0 -589.0 
821295.0 -663.0 
800758.0 -640.0 
781609.0 -616.0 
697343.0 -357.0 
700032.0 -389.0 
703194.0 -408.0 
712549.0 -454.0 
767988.0 -597.0 
701866.0 -397.0 
773509.0 -605.0 
713540.0 -459.0 
727135.0 -510.0 
710606.0 -446.0 
900421.0 -694.0 
786222.0 -623.0 
784430.0 -621.0 
771035.0 -601.0 
750375.0 -571.0 
759204.0 -585.0 
748403.0 -565.0 
697616.0 -360.0 
733453.0 -531.0 
731012.0 -525.0 
744160.0 -554.0 
707612.0 -433.0 
822252.0 -664.0 
710606.0 -446.0 
745966.0 -558.0 
838956.0 -674.0 
1009977.0 -706.0 
697900.0 -364.0 
697900.0 -364.0 
796272.0 -633.0 
712549.0 -454.0 
902316.0 -695.0 
939966.0 -698.0 
794101.0 -631.0 
703638.0 -410.0 
739320.0 -546.0 
707007.0 -431.0 
865065.0 -683.0 
729883.0 -519.0 
768890.0 -599.0 
758517.0 -584.0 
717373.0 -474.0 
737338.0 -541.0 
883818.0 -688.0 
734135.0 -534.0 
727543.0 -512.0 
932276.0 -697.0 
698576.0 -370.0 
722416.0 -493.0 
724168.0 -499.0 
736628.0 -540.0 
774258.0 -607.0 
758517.0 -584.0 
818921.0 -660.0 
744160.0 -554.0 
733684.0 -533.0 
789997.0 -627.0 
725575.0 -502.0 
698780.0 -371.0 
718110.0 -477.0 
719081.0 -479.0 
845248.0 -676.0 
809794.0 -652.0 
871821.0 -686.0 
792180.0 -628.0 
709349.0 -437.0 
714731.0 -464.0 
703846.0 -411.0 
705909.0 -424.0 
718284.0 -478.0 
730031.0 -520.0 
1009977.0 -706.0 
824785.0 -667.0 
846500.0 -677.0 
727193.0 -511.0 
731012.0 -525.0 
717638.0 -476.0 
728677.0 -514.0 
698366.0 -368.0 
740993.0 -550.0 
701184.0 -394.0 
709349.0 -437.0 
800758.0 -640.0 
871259.0 -685.0 
719706.0 -484.0 
777653.0 -613.0 
745966.0 -558.0 
749020.0 -568.0 
820746.0 -662.0 
737338.0 -541.0 
799378.0 -639.0 
900421.0 -694.0 
712933.0 -456.0 
707007.0 -431.0 
902316.0 -695.0 
732588.0 -530.0 
714243.0 -462.0 
750811.0 -572.0 
759890.0 -587.0 
714731.0 -464.0 
713540.0 -459.0 
798412.0 -636.0 
696764.0 -347.0 
697900.0 -364.0 
736148.0 -538.0 
765154.0 -591.0 
715790.0 -467.0 
822451.0 -665.0 
732093.0 -527.0 
739805.0 -548.0 
767249.0 -594.0 
722189.0 -491.0 
730812.0 -524.0 
717031.0 -473.0 
709790.0 -442.0 
703478.0 -409.0 
865065.0 -683.0 
777910.0 -614.0 
697616.0 -360.0 
778450.0 -615.0 
735444.0 -537.0 
796563.0 -634.0 
817191.0 -659.0 
730767.0 -523.0 
698780.0 -371.0 
862382.0 -681.0 
704874.0 -416.0 
941569.0 -700.0 
716501.0 -470.0 
711184.0 -448.0 
771648.0 -604.0 
745966.0 -558.0 
704257.0 -412.0 
742179.0 -552.0 
767330.0 -595.0 
813439.0 -656.0 
828988.0 -668.0 
734135.0 -534.0 
711134.0 -447.0 
730440.0 -522.0 
729618.0 -517.0 
753480.0 -576.0 
872077.0 -687.0 
705701.0 -423.0 
718110.0 -477.0 
702271.0 -400.0 
809794.0 -652.0 
784323.0 -620.0 
802178.0 -642.0 
849800.0 -679.0 
725961.0 -506.0 
706649.0 -427.0 
705909.0 -424.0 
734135.0 -534.0 
737518.0 -542.0 
781609.0 -616.0 
871821.0 -686.0 
724393.0 -500.0 
716501.0 -470.0 
696877.0 -354.0 
711697.0 -451.0 
720183.0 -487.0 
751903.0 -574.0 
885336.0 -690.0 
782285.0 -619.0 
785158.0 -622.0 
737518.0 -542.0 
760559.0 -588.0 
813639.0 -658.0 
768890.0 -599.0 
720670.0 -488.0 
713540.0 -459.0 
702955.0 -403.0 
701454.0 -395.0 
704694.0 -415.0 
798412.0 -636.0 
715497.0 -466.0 
708090.0 -435.0 
782226.0 -618.0 
804669.0 -646.0 
977797.0 -702.0 
766615.0 -592.0 
722674.0 -497.0 
829498.0 -671.0 
703638.0 -410.0 
785158.0 -622.0 
807339.0 -648.0 
796272.0 -633.0 
806746.0 -647.0 
758517.0 -584.0 
729017.0 -516.0 
802178.0 -642.0 
802236.0 -643.0 
756933.0 -582.0 
704272.0 -413.0 
701866.0 -397.0 
768832.0 -598.0 
742179.0 -552.0 
743027.0 -553.0 
797783.0 -635.0 
845248.0 -676.0 
793259.0 -629.0 
696764.0 -347.0 
781609.0 -616.0 
809344.0 -651.0 
750375.0 -571.0 
700015.0 -376.0 
698366.0 -368.0 
709349.0 -437.0 
769612.0 -600.0 
700722.0 -392.0 
704685.0 -414.0 
710012.0 -443.0 
719081.0 -479.0 
1009977.0 -706.0 
809998.0 -653.0 
706996.0 -430.0 
731012.0 -525.0 
809344.0 -651.0 
807339.0 -648.0 
717638.0 -476.0 
754856.0 -580.0 
698366.0 -368.0 
811290.0 -654.0 
777653.0 -613.0 
820746.0 -662.0 
796272.0 -633.0 
737338.0 -541.0 
799378.0 -639.0 
729812.0 -518.0 
712933.0 -456.0 
945270.0 -701.0 
902316.0 -695.0 
732181.0 -528.0 
769612.0 -600.0 
715289.0 -465.0 
759890.0 -587.0 
714731.0 -464.0 
932276.0 -697.0 
702955.0 -403.0 
811290.0 -654.0 
713540.0 -459.0 
939966.0 -698.0 
697900.0 -364.0 
721880.0 -490.0 
839362.0 -675.0 
696579.0 -344.0 
717031.0 -473.0 
897682.0 -692.0 
758517.0 -584.0 
700015.0 -376.0 
697616.0 -360.0 
802980.0 -645.0 
793259.0 -629.0 
796563.0 -634.0 
709416.0 -438.0 
700032.0 -389.0 
835309.0 -672.0 
698780.0 -371.0 
788643.0 -625.0 
728677.0 -514.0 
