641998.0 -259.0 
1077759.0 -697.0 
641998.0 -259.0 
1077759.0 -697.0 
950257.0 -666.0 
1064234.0 -696.0 
649626.0 -313.0 
652972.0 -340.0 
688826.0 -403.0 
1043782.0 -695.0 
1014660.0 -685.0 
732349.0 -519.0 
743067.0 -522.0 
856193.0 -647.0 
825903.0 -621.0 
870709.0 -654.0 
845457.0 -636.0 
688907.0 -417.0 
1031430.0 -692.0 
822566.0 -602.0 
693820.0 -453.0 
892308.0 -663.0 
869887.0 -649.0 
689872.0 -425.0 
722410.0 -468.0 
1029575.0 -690.0 
677547.0 -402.0 
988268.0 -679.0 
1043551.0 -694.0 
788998.0 -576.0 
724844.0 -480.0 
731801.0 -516.0 
840997.0 -634.0 
760236.0 -536.0 
981677.0 -676.0 
1021126.0 -689.0 
802328.0 -587.0 
998545.0 -681.0 
848555.0 -644.0 
783426.0 -573.0 
809230.0 -592.0 
974679.0 -673.0 
964809.0 -672.0 
798864.0 -577.0 
816628.0 -594.0 
652972.0 -340.0 
823729.0 -611.0 
823729.0 -611.0 
848000.0 -643.0 
763140.0 -551.0 
761748.0 -541.0 
729404.0 -507.0 
750861.0 -532.0 
673186.0 -393.0 
1005707.0 -684.0 
707853.0 -462.0 
781858.0 -571.0 
653924.0 -351.0 
772086.0 -561.0 
817480.0 -600.0 
727559.0 -490.0 
729090.0 -499.0 
778605.0 -568.0 
772274.0 -564.0 
654395.0 -358.0 
729090.0 -499.0 
747408.0 -527.0 
720749.0 -467.0 
899712.0 -665.0 
661887.0 -390.0 
714813.0 -463.0 
706479.0 -455.0 
988268.0 -679.0 
653000.0 -348.0 
648013.0 -305.0 
834770.0 -629.0 
951370.0 -667.0 
693514.0 -446.0 
715245.0 -466.0 
877598.0 -656.0 
888763.0 -662.0 
700607.0 -454.0 
766497.0 -560.0 
1021126.0 -689.0 
724844.0 -480.0 
649626.0 -313.0 
778605.0 -568.0 
729574.0 -509.0 
692446.0 -442.0 
886423.0 -661.0 
656728.0 -361.0 
700607.0 -454.0 
726949.0 -487.0 
834770.0 -629.0 
667628.0 -391.0 
964809.0 -672.0 
959075.0 -670.0 
748609.0 -529.0 
691721.0 -436.0 
691051.0 -431.0 
788998.0 -576.0 
841377.0 -635.0 
646393.0 -303.0 
689292.0 -419.0 
761199.0 -539.0 
1001386.0 -683.0 
706583.0 -459.0 
807555.0 -591.0 
725749.0 -485.0 
691051.0 -431.0 
979792.0 -675.0 
974679.0 -673.0 
860776.0 -648.0 
691721.0 -436.0 
881298.0 -657.0 
877598.0 -656.0 
807555.0 -591.0 
658123.0 -368.0 
959075.0 -670.0 
955452.0 -669.0 
828682.0 -624.0 
658637.0 -370.0 
884723.0 -659.0 
660352.0 -378.0 
661603.0 -388.0 
802217.0 -584.0 
1005707.0 -684.0 
750146.0 -531.0 
657376.0 -362.0 
658806.0 -375.0 
955452.0 -669.0 
648667.0 -309.0 
998545.0 -681.0 
671434.0 -392.0 
667628.0 -391.0 
660667.0 -382.0 
692446.0 -442.0 
750861.0 -532.0 
816803.0 -598.0 
648667.0 -309.0 
764584.0 -556.0 
832770.0 -627.0 
764222.0 -553.0 
800962.0 -583.0 
729574.0 -509.0 
830591.0 -626.0 
772274.0 -564.0 
693514.0 -446.0 
799968.0 -582.0 
979792.0 -675.0 
1031430.0 -692.0 
1001386.0 -683.0 
661484.0 -385.0 
884723.0 -659.0 
657943.0 -365.0 
654395.0 -358.0 
722410.0 -468.0 
714846.0 -465.0 
765078.0 -558.0 
658949.0 -377.0 
763140.0 -551.0 
761748.0 -541.0 
660667.0 -382.0 
822566.0 -602.0 
661484.0 -385.0 
798882.0 -579.0 
827982.0 -623.0 
798882.0 -579.0 
677547.0 -402.0 
675554.0 -400.0 
675554.0 -400.0 
830591.0 -626.0 
725749.0 -485.0 
671434.0 -392.0 
827982.0 -623.0 
689292.0 -419.0 
653569.0 -349.0 
765078.0 -558.0 
674594.0 -399.0 
766497.0 -560.0 
743372.0 -525.0 
707853.0 -462.0 
764481.0 -554.0 
1043551.0 -694.0 
816803.0 -598.0 
816628.0 -594.0 
658806.0 -375.0 
658637.0 -370.0 
799968.0 -582.0 
688907.0 -417.0 
