162474.0 62569.46666666615 
168838.0 56864.12722222258 
167054.0 58264.079722222465 
173045.0 54331.73138888913 
186416.0 51016.73166666699 
163583.0 61239.670000000195 
196980.0 48307.69416666628 
174517.0 53706.75472222246 
189681.0 50535.58749999959 
165021.0 59721.49277777815 
197793.0 48098.82583333294 
168028.0 57553.46944444481 
176494.0 52917.2958333329 
187861.0 50889.92166666698 
180141.0 51961.321666666336 
169771.0 56264.320277778024 
164380.0 60422.07111111103 
171788.0 55004.7080555558 
186000.0 51169.668333333655 
195087.0 48862.904166666274 
194541.0 48865.772499999606 
192486.0 49518.42833333364 
178719.0 51996.09833333364 
162868.0 62175.72444444394 
193728.0 49074.640833332945 
182048.0 51647.80722222263 
171452.0 55220.02583333357 
182861.0 51438.83000000041 
173017.0 54722.7080555558 
163823.0 60936.49777777728 
162800.0 62535.61000000022 
172565.0 54946.7080555558 
175897.0 53167.46500000032 
164471.0 60119.73000000022 
177906.0 52205.03500000031 
170608.0 55745.343611111355 
170195.0 55893.00250000024 
167816.0 57616.13722222259 
192283.0 49706.98249999959 
166042.0 59303.35083333357 
166080.0 59007.790000000234 
169418.0 56485.97916666692 
162973.0 61743.83000000021 
190866.0 50196.70083333357 
188674.0 50680.98500000033 
168511.0 57202.13388888926 
167478.0 57892.76194444468 
195900.0 48654.035833332935 
193467.0 49409.95111111163 
166708.0 58499.47944444481 
171201.0 55366.36694444469 
189884.0 50347.23833333365 
163977.0 60845.510000000206 
177613.0 52444.693333333744 
180434.0 51748.99583333301 
191734.0 49807.23833333365 
180702.0 51690.66999999967 
184044.0 51329.352777777975 
173629.0 54096.90194444469 
164762.0 60030.16055555593 
191722.0 49977.58749999959 
163530.0 61569.569444444576 
165445.0 59350.82166666704 
164029.0 60562.430000000204 
166125.0 58856.15055555593 
175165.0 53481.68111111134 
175945.0 52946.60750000024 
175299.0 53276.26638888913 
193438.0 49447.491666666974 
174104.0 53854.41361111135 
177055.0 52646.690833332905 
177345.0 52475.845000000314 
178516.0 52183.21749999957 
185057.0 51228.6050000003 
170184.0 56116.66138888914 
163331.0 61665.290000000234 
172651.0 54727.04916666691 
181780.0 51679.16166666698 
162921.0 62026.910000000214 
278561.0 34686.43111111109 
243506.0 37425.64222222247 
242931.0 37689.16027777803 
221179.0 42390.48138888876 
250826.0 36358.2944444445 
237056.0 38309.196388889155 
241407.0 37948.678333333584 
219479.0 42396.55861111098 
213603.0 43447.33583333364 
222667.0 42155.70694444474 
234094.0 39226.45416666694 
230293.0 39968.637222222496 
238658.0 38126.57027777769 
261712.0 35461.36999999993 
200768.0 46995.774166667004 
276081.0 34686.71555555567 
211634.0 43697.5575000003 
198454.0 47681.88388888856 
255885.0 35945.230555555514 
236559.0 38648.029722222134 
202689.0 46195.923611111444 
214979.0 43224.01805555542 
218567.0 42438.55861111098 
208084.0 44857.25861111142 
262464.0 35425.657777777706 
238162.0 38296.415833333245 
246563.0 37012.30388888883 
232966.0 39277.37944444472 
273261.0 34842.71555555566 
199826.0 47543.40305555589 
211224.0 43846.96472222253 
249381.0 36532.27361111137 
255302.0 36044.11472222218 
228073.0 40354.26611111139 
218189.0 42692.18888888919 
239772.0 38015.68611111103 
204904.0 45720.183888889216 
248612.0 36869.90250000026 
248798.0 36630.384444444695 
200143.0 47293.52749999998 
205969.0 45548.073055555884 
274837.0 34747.63111111131 
207660.0 45230.88750000032 
231366.0 39953.948611111016 
263701.0 35370.715555555675 
227080.0 40601.78416666695 
217044.0 42812.299722222524 
245813.0 37269.03777777794 
227490.0 40452.37694444473 
225672.0 40948.82027777807 
234905.0 38918.3433333336 
235367.0 38682.82527777805 
224586.0 41331.634722222516 
199037.0 47584.63555555523 
213906.0 43225.81777777808 
210857.0 44076.59361111142 
266616.0 35349.90722222241 
248029.0 36968.01333333359 
229179.0 40078.74805555583 
215630.0 43040.521388889196 
257032.0 35834.506666666595 
196574.0 48422.8772222219 
260353.0 35555.963888889004 
206593.0 45346.55500000032 
208016.0 45202.88750000031 
272024.0 34897.6577777777 
270073.0 35026.21444444456 
265432.0 35354.84083333345 
216285.0 43026.97944444431 
268676.0 35082.79444444437 
209168.0 44450.222500000316 
204321.0 45818.29472222255 
205837.0 45681.48027777811 
246213.0 37232.80222222239 
226255.0 40850.709444444736 
232043.0 39725.37333333324 
201631.0 46601.552500000325 
241817.0 37799.27111111136 
252316.0 36159.07611111107 
234374.0 38930.3433333336 
244620.0 37315.53138888914 
232318.0 39533.60111111139 
209816.0 44194.000833333645 
209406.0 44343.40805555587 
232556.0 39426.78666666694 
267868.0 35168.80277777797 
228904.0 40273.87138888878 
271496.0 34926.794444444364 
225262.0 41098.22750000029 
202041.0 46452.14527777811 
225169.0 41233.52388888918 
258895.0 35639.08222222215 
231693.0 39821.008333333615 
197806.0 47936.380555555224 
203730.0 46078.51638888922 
274844.0 34741.65777777769 
273040.0 34866.465000000106 
276074.0 34692.68888888886 
202572.0 46440.14527777811 
250454.0 36498.76722222217 
258364.0 35651.08222222215 
197222.0 48168.38055555523 
224176.0 41481.04194444473 
235898.0 38670.82527777805 
254136.0 36045.35888888882 
221915.0 42248.6358333332 
226805.0 40799.48527777767 
223313.0 41875.263611111404 
253228.0 36108.99888888885 
201416.0 46739.552500000325 
223528.0 41737.263611111404 
253755.0 36083.416111111044 
156064.0 74919.27111111069 
156212.0 73423.4699999999 
160791.0 67864.89777777725 
157230.0 71237.37888888847 
158546.0 69792.93333333344 
156347.0 72643.70277777736 
158004.0 70516.90888888869 
161807.0 67569.6250000002 
162202.0 67042.05833333357 
159932.0 68486.02166666654 
160415.0 68276.51888888839 
156495.0 72077.3722222218 
162194.0 67080.38333333358 
158983.0 69380.34555555538 
159556.0 68897.54277777762 
158319.0 70106.45222222233 
156854.0 71648.04333333291 
157721.0 70853.00888888897 
157645.0 70947.9511111109 
158142.0 70223.9711111112 
282684.0 34530.70444444457 
281360.0 34626.70444444457 
281581.0 34618.70444444457 
