968051.0 2085.846111111112 
548796.0 34062.066666666695 
964127.0 2086.7933333333344 
932423.0 2111.406388888889 
885042.0 2356.7636111111124 
912391.0 2338.711111111111 
584428.0 25937.13222222224 
752227.0 8544.527222222217 
584095.0 27442.35999999999 
584828.0 25604.45666666669 
764512.0 8252.643888888886 
586017.0 24916.70222222221 
797205.0 4894.008333333338 
707490.0 11481.186388888891 
573010.0 28776.451111111106 
593724.0 23581.45888888891 
571694.0 29186.6066666667 
639665.0 16036.552222222266 
638628.0 16405.149999999998 
560052.0 30820.36555555559 
551167.0 32729.429722222252 
700633.0 11498.340555555533 
640864.0 15719.22722222222 
593988.0 23177.761944444446 
553313.0 32017.533333333377 
626714.0 17772.156666666666 
775150.0 6841.624444444442 
550229.0 33228.67055555559 
726478.0 9918.579999999993 
552610.0 32419.955555555593 
626665.0 17964.18555555556 
775151.0 6487.642222222221 
884465.0 2373.246666666667 
720120.0 10262.991111111109 
920546.0 2183.416666666667 
605883.0 21816.615555555567 
549041.0 33950.066666666695 
878536.0 2399.1944444444434 
802710.0 4886.038888888893 
549451.0 33657.771111111135 
558183.0 31048.61888888893 
555748.0 31349.041111111146 
925692.0 2138.799444444445 
783434.0 5444.16805555556 
606244.0 21413.745833333334 
731808.0 9905.443333333325 
554036.0 31716.406666666706 
931037.0 2127.793333333334 
618695.0 20072.238888888896 
752165.0 8906.213611111127 
711447.0 11092.33333333334 
618759.0 19707.196666666674 
736750.0 9891.866666666676 
725137.0 10255.751666666665 
925443.0 2156.5 
731808.0 9905.443333333325 
626522.0 18243.1277777778 
619465.0 19290.999999999996 
627842.0 17541.63555555558 
587512.0 24552.190000000028 
764512.0 8252.643888888886 
619175.0 19625.027777777792 
713003.0 10972.098333333322 
553552.0 31979.364444444487 
862865.0 2617.491666666668 
748048.0 8981.376388888906 
655677.0 14362.494999999975 
624319.0 18469.77555555557 
718113.0 10513.32833333332 
659785.0 14301.737222222198 
624070.0 18722.286388888886 
717003.0 10681.402222222232 
575319.0 28525.13694444444 
551541.0 32562.60333333338 
808552.0 4803.634999999999 
737140.0 9665.466666666676 
792122.0 5037.840277777782 
560921.0 30712.832222222205 
865521.0 2564.38 
794083.0 4960.931944444449 
804500.0 4814.945555555555 
828551.0 3639.1472222222274 
587436.0 24841.70444444444 
751637.0 8938.067777777798 
777914.0 6278.159722222228 
740229.0 9590.984444444455 
744809.0 9080.15555555557 
869025.0 2559.6630555555544 
781483.0 5685.045833333339 
550187.0 33375.827777777806 
561132.0 30583.77444444443 
877170.0 2467.354722222223 
871967.0 2485.0716666666676 
690905.0 11997.370555555544 
778371.0 6014.065000000002 
561206.0 30321.2311111111 
773454.0 7199.350000000008 
581904.0 27711.776111111107 
857283.0 2798.2333333333313 
773426.0 7446.858888888888 
854279.0 2812.199444444445 
591656.0 24088.444444444463 
637154.0 16645.8055555556 
648219.0 15027.088888888895 
741441.0 9438.199166666675 
554643.0 31648.415555555544 
557619.0 31121.435555555596 
742102.0 9241.944166666673 
865395.0 2615.88 
551167.0 32729.429722222252 
788789.0 5232.58055555556 
782426.0 5525.478888888891 
874914.0 2478.986944444446 
770032.0 7845.754166666676 
771622.0 7575.588888888888 
677988.0 12852.366666666676 
744809.0 9080.15555555557 
579263.0 28028.140555555547 
616796.0 20283.901944444446 
835772.0 3417.7983333333336 
858267.0 2763.1624999999985 
773697.0 7034.548611111118 
826945.0 3701.116666666672 
667060.0 14007.473333333308 
779825.0 5774.908333333339 
550229.0 33228.67055555559 
644747.0 15331.936388888887 
862218.0 2726.5999999999985 
645429.0 15226.157222222222 
652196.0 14768.758888888864 
794083.0 4960.931944444449 
620376.0 18990.11 
614893.0 20444.361666666664 
708101.0 11401.466111111113 
771449.0 7736.453888888887 
620071.0 19158.768888888884 
575403.0 28393.528333333325 
777428.0 6348.047222222223 
628228.0 17459.072222222243 
685109.0 12264.656666666677 
608066.0 21235.79611111111 
655024.0 14396.547777777754 
746532.0 9055.992777777794 
597929.0 22600.84000000002 
625560.0 18469.359999999993 
742102.0 9241.944166666673 
785168.0 5310.351388888894 
573609.0 28593.648611111108 
607061.0 21292.478333333336 
569706.0 29442.240000000038 
725746.0 10042.654444444437 
581279.0 27912.5086111111 
741578.0 9280.69583333334 
605532.0 21924.03777777779 
554731.0 31523.46333333337 
642819.0 15684.188611111118 
639599.0 16189.179999999997 
834524.0 3488.4194444444447 
570167.0 29317.64777777777 
589985.0 24097.176666666684 
834524.0 3488.4194444444447 
826945.0 3701.116666666672 
725494.0 10196.381111111104 
653183.0 14663.084999999974 
916097.0 2292.579999999999 
918199.0 2290.171388888889 
915577.0 2314.4669444444435 
557619.0 31121.435555555596 
696366.0 11646.498888888866 
613776.0 20601.020555555562 
841884.0 3250.4283333333337 
698271.0 11623.362222222197 
617710.0 20209.633055555558 
874914.0 2478.986944444446 
625876.0 18290.8177777778 
674242.0 13307.636666666664 
687370.0 12261.998055555565 
788939.0 5118.702777777782 
591955.0 23959.099444444437 
679721.0 12839.025277777784 
577797.0 28189.090277777774 
775580.0 6350.903333333334 
677550.0 12904.366666666674 
775449.0 6382.525 
665337.0 14031.09444444442 
844209.0 3184.930555555556 
773454.0 7199.350000000008 
824839.0 3764.99444444445 
920546.0 2183.416666666667 
680010.0 12659.073611111122 
671994.0 13746.144722222216 
593692.0 23744.604444444434 
593692.0 23744.604444444434 
593680.0 23906.149722222217 
659785.0 14301.737222222198 
781483.0 5685.045833333339 
841588.0 3310.9900000000002 
662267.0 14235.442222222197 
918725.0 2269.0588888888888 
674241.0 13435.09805555555 
774471.0 6941.858888888888 
584095.0 27442.35999999999 
748048.0 8981.376388888906 
837817.0 3416.36 
654861.0 14553.706111111087 
596538.0 22681.92444444446 
852652.0 2845.135555555556 
583469.0 27650.358611111114 
576016.0 28367.187222222215 
620071.0 19158.768888888884 
634892.0 16857.31222222226 
550174.0 33505.06250000003 
650341.0 14886.185555555567 
629695.0 17317.297777777803 
740272.0 9525.57722222223 
619465.0 19290.999999999996 
912391.0 2338.711111111111 
787179.0 5300.1986111111155 
782426.0 5525.478888888891 
562425.0 30085.43666666671 
830152.0 3637.0708333333387 
594317.0 23112.68555555555 
695062.0 11810.573333333308 
584030.0 27575.9611111111 
586017.0 24916.70222222221 
832950.0 3581.542777777778 
676761.0 12980.270000000006 
588247.0 24279.598888888908 
914167.0 2326.2799999999993 
770855.0 7821.571111111105 
612115.0 20741.458611111117 
573167.0 28664.08666666666 
633557.0 17006.09972222222 
779605.0 5953.465277777783 
774471.0 6941.858888888888 
768718.0 7891.86111111112 
568039.0 29595.548055555555 
877529.0 2400.88 
618189.0 20157.974444444448 
639359.0 16262.554999999982 
845978.0 3159.0672222222224 
832950.0 3581.542777777778 
610662.0 20889.79972222223 
637154.0 16645.8055555556 
631123.0 17296.123055555556 
871967.0 2485.0716666666676 
653183.0 14663.084999999974 
679743.0 12797.415000000005 
576533.0 28257.993333333325 
746532.0 9055.992777777794 
711073.0 11223.401666666674 
589393.0 24232.993333333357 
661117.0 14275.526111111085 
621922.0 18843.718888888903 
609951.0 21007.652500000007 
555136.0 31491.857777777812 
854279.0 2812.199444444445 
849338.0 3005.5055555555555 
870198.0 2535.238611111111 
785168.0 5310.351388888894 
823289.0 3834.8263888888946 
587523.0 24475.852222222245 
718891.0 10480.41333333333 
561132.0 30583.77444444443 
669481.0 13785.900555555552 
851978.0 2877.6972222222225 
840269.0 3312.802777777778 
555423.0 31383.688888888923 
608366.0 21184.381388888887 
587960.0 24402.754444444432 
629350.0 17363.146388888894 
670449.0 13749.071111111107 
693553.0 11824.194444444422 
649248.0 14930.526944444453 
650500.0 14775.599444444455 
675509.0 13178.392499999998 
765504.0 8174.326388888899 
595417.0 22870.656666666684 
787179.0 5300.1986111111155 
689249.0 12053.331111111087 
767583.0 8006.601388888898 
816987.0 4324.711111111117 
663928.0 14209.494999999974 
860793.0 2730.146666666667 
581835.0 27791.21416666666 
736994.0 9758.666666666675 
683799.0 12423.584166666675 
918725.0 2269.0588888888888 
770908.0 7737.084444444439 
816077.0 4428.420833333339 
708798.0 11364.983611111114 
608867.0 21164.528611111116 
668331.0 13881.12555555553 
599414.0 22582.47472222222 
790925.0 5039.8555555555595 
629350.0 17363.146388888894 
581835.0 27791.21416666666 
672128.0 13625.121388888885 
849398.0 2973.007777777778 
623661.0 18757.79805555555 
594675.0 23012.867777777796 
568523.0 29549.994444444434 
668331.0 13881.12555555553 
914167.0 2326.2799999999993 
709963.0 11349.74111111109 
642820.0 15566.236944444452 
633200.0 17033.09972222222 
720033.0 10344.117777777776 
859569.0 2748.6 
614893.0 20444.361666666664 
616575.0 20350.87777777778 
654200.0 14598.001111111085 
625756.0 18361.945277777773 
565898.0 29869.183333333367 
736759.0 9873.866666666674 
557858.0 31083.266666666706 
680357.0 12588.8288888889 
767795.0 7954.6930555555655 
714961.0 10872.767222222228 
850567.0 2940.0716666666667 
647432.0 15109.454444444451 
644180.0 15467.913055555555 
668006.0 13917.79944444442 
567461.0 29705.282222222257 
654200.0 14598.001111111085 
650737.0 14773.258055555565 
564835.0 29875.887777777818 
596351.0 22768.96666666668 
595417.0 22870.656666666684 
549831.0 33571.64444444447 
773697.0 7034.548611111118 
736994.0 9758.666666666675 
699604.0 11499.340555555533 
669987.0 13768.315277777776 
655677.0 14362.494999999975 
596013.0 22787.572222222232 
668006.0 13917.79944444442 
676396.0 13051.345833333331 
817393.0 4230.44444444445 
819664.0 4121.016666666672 
859569.0 2748.6 
810167.0 4741.260555555556 
768624.0 7935.845833333343 
847954.0 3011.1311111111113 
816987.0 4324.711111111117 
592547.0 23948.246666666662 
840028.0 3345.3644444444444 
839065.0 3345.738888888889 
587220.0 24855.584444444466 
669481.0 13785.900555555552 
561769.0 30151.16888888893 
850567.0 2940.0716666666667 
691418.0 11945.225555555533 
777914.0 6278.159722222228 
552250.0 32476.434444444483 
619175.0 19625.027777777792 
816077.0 4428.420833333339 
641878.0 15687.789166666664 
878536.0 2399.1944444444434 
779825.0 5774.908333333339 
573609.0 28593.648611111108 
645754.0 15191.060277777779 
577922.0 28153.74916666666 
870198.0 2535.238611111111 
847294.0 3075.565 
765504.0 8174.326388888899 
715806.0 10797.018333333339 
644194.0 15408.968055555562 
672788.0 13503.536111111109 
714961.0 10872.767222222228 
842956.0 3236.3644444444444 
772757.0 7462.732777777777 
809181.0 4779.383888888889 
613776.0 20601.020555555562 
563094.0 29990.352222222256 
779658.0 5867.648611111116 
609936.0 21081.01694444445 
812784.0 4647.497222222227 
634674.0 16933.979444444445 
597515.0 22642.755555555574 
741441.0 9438.199166666675 
621001.0 18919.451111111128 
578363.0 28110.237499999996 
831311.0 3607.0402777777826 
561704.0 30231.567777777782 
588569.0 24245.514444444463 
860793.0 2730.146666666667 
779658.0 5867.648611111116 
835772.0 3417.7983333333336 
580268.0 27927.94666666666 
824211.0 3796.9027777777833 
667060.0 14007.473333333308 
700633.0 11498.340555555533 
549831.0 33571.64444444447 
932081.0 2126.8461111111114 
589538.0 24156.43000000002 
604195.0 22079.911111111123 
815234.0 4507.726388888894 
596777.0 22643.75555555557 
675988.0 13167.466111111109 
767247.0 8040.509722222232 
820572.0 4117.047222222228 
715806.0 10797.018333333339 
620376.0 18990.11 
604486.0 21995.263333333343 
822479.0 3981.5361111111165 
674888.0 13269.710277777775 
682616.0 12439.026666666645 
589779.0 24134.345555555574 
576935.0 28251.67555555555 
766456.0 8055.647222222232 
592996.0 23932.296944444442 
676137.0 13131.880277777786 
831311.0 3607.0402777777826 
684323.0 12387.632500000009 
824839.0 3764.99444444445 
710963.0 11283.21444444445 
676396.0 13051.345833333331 
786056.0 5305.275000000004 
740272.0 9525.57722222223 
931037.0 2127.793333333334 
618695.0 20072.238888888896 
680010.0 12659.073611111122 
830152.0 3637.0708333333387 
851642.0 2924.1311111111117 
567142.0 29765.400833333333 
639359.0 16262.554999999982 
570550.0 29316.46555555559 
832195.0 3603.857777777778 
811590.0 4708.324444444444 
810841.0 4708.698888888889 
810167.0 4741.260555555556 
552250.0 32476.434444444483 
857283.0 2798.2333333333313 
622533.0 18774.19777777779 
672138.0 13590.291944444441 
681975.0 12442.266944444456 
622032.0 18796.72444444444 
570643.0 29255.817777777815 
636759.0 16677.411111111156 
599537.0 22572.156944444443 
711073.0 11223.401666666674 
632645.0 17158.855555555554 
713969.0 10920.273888888894 
564104.0 29950.49333333337 
612846.0 20709.458611111117 
789736.0 5113.702777777782 
611078.0 20874.636111111104 
618759.0 19707.196666666674 
635893.0 16784.622222222264 
635572.0 16787.58000000004 
802710.0 4886.038888888893 
838391.0 3378.3005555555555 
814624.0 4560.329166666672 
567963.0 29650.792222222222 
809181.0 4779.383888888889 
625756.0 18361.945277777773 
737140.0 9665.466666666676 
790251.0 5071.809722222226 
713969.0 10920.273888888894 
605864.0 21840.451388888887 
568855.0 29481.393333333323 
821670.0 4078.4138888888942 
821761.0 4048.4750000000054 
595031.0 22953.220000000016 
852652.0 2845.135555555556 
610385.0 20963.652500000004 
692150.0 11872.243888888877 
751637.0 8938.067777777798 
627998.0 17494.156666666688 
569560.0 29471.36666666671 
803744.0 4854.881666666666 
847931.0 3012.5055555555555 
621001.0 18919.451111111128 
822479.0 3981.5361111111165 
643450.0 15541.106944444444 
573167.0 28664.08666666666 
676953.0 12943.635555555564 
710554.0 11320.091111111116 
837836.0 3413.423888888889 
695859.0 11767.846666666645 
641878.0 15687.789166666664 
817299.0 4287.352777777784 
680946.0 12553.804722222232 
847295.0 3043.628888888889 
693002.0 11839.4411111111 
718891.0 10480.41333333333 
652196.0 14768.758888888864 
812264.0 4675.762777777778 
649248.0 14930.526944444453 
822846.0 3901.6277777777836 
665012.0 14067.768333333308 
788789.0 5232.58055555556 
632083.0 17196.34388888889 
719506.0 10404.765555555552 
716455.0 10723.890555555561 
847019.0 3123.8755555555554 
621356.0 18884.366666666683 
564547.0 29929.447500000002 
563030.0 30012.352222222264 
740229.0 9590.984444444455 
647841.0 15073.502777777785 
587220.0 24855.584444444466 
583469.0 27650.358611111114 
616169.0 20353.53638888889 
815793.0 4463.0625000000055 
844209.0 3184.930555555556 
578161.0 28115.06694444444 
616137.0 20394.829444444444 
846623.0 3151.4372222222228 
726338.0 10010.412222222214 
719506.0 10404.765555555552 
818493.0 4190.848611111117 
615671.0 20411.805277777774 
672418.0 13558.365555555552 
636303.0 16746.890000000043 
662267.0 14235.442222222197 
579735.0 27986.458333333332 
845978.0 3159.0672222222224 
838391.0 3378.3005555555555 
693002.0 11839.4411111111 
822846.0 3901.6277777777836 
772290.0 7527.597777777775 
649759.0 14899.161388888897 
695870.0 11718.414999999975 
671420.0 13746.55944444444 
643736.0 15506.595277777777 
646633.0 15187.185555555561 
821761.0 4048.4750000000054 
716455.0 10723.890555555561 
578363.0 28110.237499999996 
869525.0 2537.659999999999 
642821.0 15561.304166666667 
603259.0 22200.164444444457 
566138.0 29834.098888888922 
786056.0 5305.275000000004 
819395.0 4158.940277777783 
778832.0 5985.695555555558 
725401.0 10199.623333333326 
601415.0 22316.866111111114 
812264.0 4675.762777777778 
714445.0 10908.643888888895 
576935.0 28251.67555555555 
823289.0 3834.8263888888946 
772160.0 7558.219444444441 
765805.0 8121.4638888888985 
644742.0 15391.839444444444 
698980.0 11578.256666666644 
681595.0 12482.218611111122 
688220.0 12171.921111111087 
632205.0 17159.09972222222 
611680.0 20824.555555555562 
688629.0 12135.057777777754 
649678.0 14929.454444444453 
813705.0 4641.54305555556 
884465.0 2373.246666666667 
684460.0 12336.242777777787 
594446.0 23060.569999999992 
664936.0 14122.147222222196 
673609.0 13480.02444444444 
695444.0 11773.709999999975 
708798.0 11364.983611111114 
563030.0 30012.352222222264 
615671.0 20411.805277777774 
600669.0 22434.718888888892 
621356.0 18884.366666666683 
550174.0 33505.06250000003 
716046.0 10760.767222222228 
681186.0 12518.170277777788 
684700.0 12300.608333333343 
601040.0 22358.939722222225 
647270.0 15144.695833333333 
719550.0 10375.202222222219 
815793.0 4463.0625000000055 
772290.0 7527.597777777775 
606484.0 21378.40472222222 
576016.0 28367.187222222215 
599977.0 22537.059999999998 
634349.0 16974.661666666667 
600273.0 22469.621944444443 
681595.0 12482.218611111122 
647841.0 15073.502777777785 
602216.0 22260.42805555556 
818067.0 4198.490277777783 
818493.0 4190.848611111117 
682616.0 12439.026666666645 
596013.0 22787.572222222232 
691866.0 11930.60444444442 
587848.0 24441.20444444447 
561483.0 30268.115555555545 
606244.0 21413.745833333334 
568524.0 29512.4511111111 
814211.0 4641.497222222227 
602613.0 22237.770000000015 
885042.0 2356.7636111111124 
679743.0 12797.415000000005 
637008.0 16674.932222222265 
635247.0 16822.227777777818 
579974.0 27947.189444444444 
606888.0 21377.234166666665 
680357.0 12588.8288888889 
689238.0 12054.70999999998 
631269.0 17263.781944444447 
726345.0 9978.927777777772 
710554.0 11320.091111111116 
673386.0 13495.194999999998 
832195.0 3603.857777777778 
661614.0 14269.494999999975 
622212.0 18777.15555555557 
778832.0 5985.695555555558 
587960.0 24402.754444444432 
709963.0 11349.74111111109 
672418.0 13558.365555555552 
611879.0 20782.458611111117 
843535.0 3217.4922222222226 
579735.0 27986.458333333332 
635247.0 16822.227777777818 
632983.0 17080.34388888889 
808552.0 4803.634999999999 
818067.0 4198.490277777783 
604886.0 21961.643333333348 
824211.0 3796.9027777777833 
595031.0 22953.220000000016 
581279.0 27912.5086111111 
674893.0 13225.442777777776 
790251.0 5071.809722222226 
594446.0 23060.569999999992 
689249.0 12053.331111111087 
699080.0 11536.203888888866 
822683.0 3942.6583333333388 
609278.0 21123.187500000004 
555423.0 31383.688888888923 
604886.0 21961.643333333348 
562302.0 30109.521111111153 
611879.0 20782.458611111117 
588247.0 24279.598888888908 
564104.0 29950.49333333337 
820952.0 4091.1083333333386 
693553.0 11824.194444444422 
661614.0 14269.494999999975 
683799.0 12423.584166666675 
676137.0 13131.880277777786 
716046.0 10760.767222222228 
765805.0 8121.4638888888985 
564313.0 29939.424166666668 
612846.0 20709.458611111117 
601040.0 22358.939722222225 
664646.0 14161.821111111085 
654846.0 14558.948333333308 
681186.0 12518.170277777788 
684700.0 12300.608333333343 
606889.0 21346.478333333333 
632983.0 17080.34388888889 
600273.0 22469.621944444443 
676953.0 12943.635555555564 
595006.0 22981.78333333335 
600875.0 22397.03666666667 
571009.0 29249.817777777815 
555136.0 31491.857777777812 
567558.0 29682.71861111111 
790925.0 5039.8555555555595 
819650.0 4154.970833333339 
632821.0 17117.832222222223 
680946.0 12553.804722222232 
815231.0 4514.711111111116 
768718.0 7891.86111111112 
824481.0 3770.9638888888944 
601415.0 22316.866111111114 
673817.0 13459.34222222222 
566138.0 29834.098888888922 
571048.0 29224.212222222257 
643948.0 15504.692222222222 
567142.0 29765.400833333333 
646861.0 15180.2075 
862218.0 2726.5999999999985 
593520.0 23929.296944444442 
688177.0 12211.78444444442 
725206.0 10246.793888888886 
561288.0 30314.250000000004 
639360.0 16228.359999999997 
851827.0 2915.756666666667 
634674.0 16933.979444444445 
639598.0 16222.974999999982 
610252.0 20965.993611111116 
839065.0 3345.738888888889 
810841.0 4708.698888888889 
811590.0 4708.324444444444 
843535.0 3217.4922222222226 
804249.0 4815.881666666666 
725746.0 10042.654444444437 
561483.0 30268.115555555545 
819395.0 4158.940277777783 
675006.0 13221.124999999998 
822683.0 3942.6583333333388 
600023.0 22504.88944444444 
611308.0 20851.87333333334 
804118.0 4848.443333333333 
609606.0 21097.334722222226 
714445.0 10908.643888888895 
632821.0 17117.832222222223 
632000.0 17222.51444444445 
814624.0 4560.329166666672 
932423.0 2111.406388888889 
600669.0 22434.718888888892 
562094.0 30116.521111111153 
600875.0 22397.03666666667 
613145.0 20677.36166666667 
571289.0 29218.212222222257 
617949.0 20193.60888888889 
613155.0 20650.011944444417 
778371.0 6014.065000000002 
741578.0 9280.69583333334 
605864.0 21840.451388888887 
664097.0 14208.873888888864 
603259.0 22200.164444444457 
691547.0 11941.414999999977 
604486.0 21995.263333333343 
847019.0 3123.8755555555554 
665337.0 14031.09444444442 
647270.0 15144.695833333333 
604606.0 21968.784444444456 
623661.0 18757.79805555555 
789915.0 5105.71805555556 
629695.0 17317.297777777803 
699273.0 11531.582777777756 
688629.0 12135.057777777754 
655024.0 14396.547777777754 
664662.0 14135.957777777752 
631269.0 17263.781944444447 
684323.0 12387.632500000009 
671420.0 13746.55944444444 
684460.0 12336.242777777787 
617998.0 20162.14000000001 
843174.0 3217.866666666667 
814240.0 4617.420833333338 
925443.0 2156.5 
815231.0 4514.711111111116 
604195.0 22079.911111111123 
576533.0 28257.993333333325 
812784.0 4647.497222222227 
688757.0 12095.815555555533 
583679.0 27613.504444444432 
710963.0 11283.21444444445 
672128.0 13625.121388888885 
611308.0 20851.87333333334 
563094.0 29990.352222222256 
772757.0 7462.732777777777 
813705.0 4641.54305555556 
817299.0 4287.352777777784 
698271.0 11623.362222222197 
552490.0 32441.35000000004 
606889.0 21346.478333333333 
583790.0 27611.018888888877 
566634.0 29799.40888888892 
766187.0 8088.509722222232 
566634.0 29799.40888888892 
587848.0 24441.20444444447 
602613.0 22237.770000000015 
778461.0 5999.495833333339 
869025.0 2559.6630555555544 
564806.0 29898.9125 
695062.0 11810.573333333308 
664337.0 14172.63166666664 
675006.0 13221.124999999998 
918199.0 2290.171388888889 
611680.0 20824.555555555562 
814557.0 4600.527777777782 
665012.0 14067.768333333308 
603619.0 22149.291111111124 
766051.0 8089.570833333343 
916097.0 2292.579999999999 
773218.0 7453.732777777777 
643450.0 15541.106944444444 
688924.0 12090.004999999976 
726345.0 9978.927777777772 
687857.0 12259.656666666677 
561704.0 30231.567777777782 
609606.0 21097.334722222226 
803744.0 4854.881666666666 
636218.0 16749.974444444488 
687958.0 12228.5422222222 
696279.0 11681.551666666643 
622533.0 18774.19777777779 
767247.0 8040.509722222232 
869525.0 2537.659999999999 
654846.0 14558.948333333308 
688220.0 12171.921111111087 
673817.0 13459.34222222222 
692146.0 11890.930555555533 
584030.0 27575.9611111111 
692146.0 11890.930555555533 
777428.0 6348.047222222223 
687370.0 12261.998055555565 
603410.0 22176.333333333343 
603820.0 22138.601111111122 
603859.0 22114.20666666668 
552490.0 32441.35000000004 
561769.0 30151.16888888893 
567558.0 29682.71861111111 
817393.0 4230.44444444445 
604060.0 22103.516666666677 
663928.0 14209.494999999974 
600023.0 22504.88944444444 
599977.0 22537.059999999998 
634389.0 16969.491111111114 
603410.0 22176.333333333343 
674888.0 13269.710277777775 
820778.0 4092.0930555555606 
696201.0 11686.172777777752 
646861.0 15180.2075 
674242.0 13307.636666666664 
636303.0 16746.890000000043 
580268.0 27927.94666666666 
631644.0 17228.51444444445 
846623.0 3151.4372222222228 
567963.0 29650.792222222222 
720033.0 10344.117777777776 
601811.0 22292.35444444445 
601820.0 22284.939722222225 
849398.0 2973.007777777778 
579974.0 27947.189444444444 
644592.0 15398.7425 
636759.0 16677.411111111156 
566746.0 29793.98611111111 
588569.0 24245.514444444463 
571289.0 29218.212222222257 
609275.0 21128.67583333334 
752165.0 8906.213611111127 
672788.0 13503.536111111109 
698551.0 11590.30944444442 
779605.0 5953.465277777783 
609275.0 21128.67583333334 
736759.0 9873.866666666674 
766456.0 8055.647222222232 
566746.0 29793.98611111111 
593660.0 23916.467499999995 
568855.0 29481.393333333323 
767795.0 7954.6930555555655 
695444.0 11773.709999999975 
634349.0 16974.661666666667 
719550.0 10375.202222222219 
628048.0 17473.828611111112 
685109.0 12264.656666666677 
591955.0 23959.099444444437 
789915.0 5105.71805555556 
589538.0 24156.43000000002 
692150.0 11872.243888888877 
695870.0 11718.414999999975 
595006.0 22981.78333333335 
698596.0 11586.688333333308 
596351.0 22768.96666666668 
613145.0 20677.36166666667 
726338.0 10010.412222222214 
564806.0 29898.9125 
597515.0 22642.755555555574 
631123.0 17296.123055555556 
681975.0 12442.266944444456 
691866.0 11930.60444444442 
562094.0 30116.521111111153 
591656.0 24088.444444444463 
847295.0 3043.628888888889 
568524.0 29512.4511111111 
842956.0 3236.3644444444444 
804500.0 4814.945555555555 
687906.0 12255.2472222222 
851642.0 2924.1311111111117 
925692.0 2138.799444444445 
696201.0 11686.172777777752 
699273.0 11531.582777777756 
696366.0 11646.498888888866 
877529.0 2400.88 
631644.0 17228.51444444445 
664737.0 14122.33666666664 
645754.0 15191.060277777779 
770855.0 7821.571111111105 
636218.0 16749.974444444488 
599414.0 22582.47472222222 
613480.0 20614.949999999975 
772160.0 7558.219444444441 
932081.0 2126.8461111111114 
661264.0 14275.305555555531 
634389.0 16969.491111111114 
603619.0 22149.291111111124 
824481.0 3770.9638888888944 
699604.0 11499.340555555533 
768624.0 7935.845833333343 
820952.0 4091.1083333333386 
673386.0 13495.194999999998 
610252.0 20965.993611111116 
601820.0 22284.939722222225 
601811.0 22292.35444444445 
650341.0 14886.185555555567 
565898.0 29869.183333333367 
698551.0 11590.30944444442 
773218.0 7453.732777777777 
631678.0 17228.270277777778 
613262.0 20636.67944444445 
841588.0 3310.9900000000002 
674241.0 13435.09805555555 
613262.0 20636.67944444445 
688924.0 12090.004999999976 
725206.0 10246.793888888886 
589393.0 24232.993333333357 
610385.0 20963.652500000004 
650737.0 14773.258055555565 
803875.0 4850.881666666666 
613406.0 20620.074166666658 
814527.0 4600.619444444449 
561288.0 30314.250000000004 
644592.0 15398.7425 
766187.0 8088.509722222232 
688146.0 12219.004999999977 
646633.0 15187.185555555561 
569560.0 29471.36666666671 
604060.0 22103.516666666677 
583790.0 27611.018888888877 
778461.0 5999.495833333339 
840269.0 3312.802777777778 
851827.0 2915.756666666667 
766051.0 8089.570833333343 
602542.0 22251.08694444445 
617949.0 20193.60888888889 
820572.0 4117.047222222228 
587436.0 24841.70444444444 
821670.0 4078.4138888888942 
643948.0 15504.692222222222 
613480.0 20614.949999999975 
606484.0 21378.40472222222 
616137.0 20394.829444444444 
624319.0 18469.77555555557 
596777.0 22643.75555555557 
649759.0 14899.161388888897 
814527.0 4600.619444444449 
814240.0 4617.420833333338 
664097.0 14208.873888888864 
840028.0 3345.3644444444444 
664337.0 14172.63166666664 
628048.0 17473.828611111112 
688840.0 12090.19444444442 
583679.0 27613.504444444432 
654861.0 14553.706111111087 
664422.0 14172.199999999975 
609936.0 21081.01694444445 
661264.0 14275.305555555531 
843174.0 3217.866666666667 
664422.0 14172.199999999975 
820778.0 4092.0930555555606 
788939.0 5118.702777777782 
604606.0 21968.784444444456 
613406.0 20620.074166666658 
698980.0 11578.256666666644 
688757.0 12095.815555555533 
625560.0 18469.359999999993 
602457.0 22254.42805555556 
602301.0 22257.08694444445 
679721.0 12839.025277777784 
650500.0 14775.599444444455 
865521.0 2564.38 
736750.0 9891.866666666676 
720120.0 10262.991111111109 
593520.0 23929.296944444442 
603859.0 22114.20666666668 
603820.0 22138.601111111122 
687958.0 12228.5422222222 
570643.0 29255.817777777815 
775580.0 6350.903333333334 
561206.0 30321.2311111111 
725137.0 10255.751666666665 
803875.0 4850.881666666666 
804118.0 4848.443333333333 
699080.0 11536.203888888866 
632000.0 17222.51444444445 
688146.0 12219.004999999977 
698596.0 11586.688333333308 
696279.0 11681.551666666643 
593680.0 23906.149722222217 
865395.0 2615.88 
804249.0 4815.881666666666 
671994.0 13746.144722222216 
849338.0 3005.5055555555555 
632205.0 17159.09972222222 
602301.0 22257.08694444445 
602457.0 22254.42805555556 
773426.0 7446.858888888888 
571009.0 29249.817777777815 
602542.0 22251.08694444445 
687906.0 12255.2472222222 
631678.0 17228.270277777778 
570550.0 29316.46555555559 
617998.0 20162.14000000001 
847954.0 3011.1311111111113 
644742.0 15391.839444444444 
695859.0 11767.846666666645 
687857.0 12259.656666666677 
664936.0 14122.147222222196 
664737.0 14122.33666666664 
639360.0 16228.359999999997 
639598.0 16222.974999999982 
814557.0 4600.527777777782 
819650.0 4154.970833333339 
642820.0 15566.236944444452 
770908.0 7737.084444444439 
837817.0 3416.36 
814211.0 4641.497222222227 
606888.0 21377.234166666665 
731808.0 9905.443333333325 
764512.0 8252.643888888886 
561132.0 30583.77444444443 
744809.0 9080.15555555557 
826945.0 3701.116666666672 
794083.0 4960.931944444449 
742102.0 9241.944166666673 
584095.0 27442.35999999999 
834524.0 3488.4194444444447 
874914.0 2478.986944444446 
773454.0 7199.350000000008 
920546.0 2183.416666666667 
593692.0 23744.604444444434 
659785.0 14301.737222222198 
781483.0 5685.045833333339 
637154.0 16645.8055555556 
748048.0 8981.376388888906 
620071.0 19158.768888888884 
619465.0 19290.999999999996 
912391.0 2338.711111111111 
830152.0 3637.0708333333387 
586017.0 24916.70222222221 
571289.0 29218.212222222257 
832950.0 3581.542777777778 
746532.0 9055.992777777794 
854279.0 2812.199444444445 
557619.0 31121.435555555596 
782426.0 5525.478888888891 
787179.0 5300.1986111111155 
918725.0 2269.0588888888888 
668331.0 13881.12555555553 
914167.0 2326.2799999999993 
614893.0 20444.361666666664 
629350.0 17363.146388888894 
595417.0 22870.656666666684 
773697.0 7034.548611111118 
736994.0 9758.666666666675 
655677.0 14362.494999999975 
668006.0 13917.79944444442 
859569.0 2748.6 
816987.0 4324.711111111117 
669481.0 13785.900555555552 
850567.0 2940.0716666666667 
619175.0 19625.027777777792 
816077.0 4428.420833333339 
878536.0 2399.1944444444434 
779825.0 5774.908333333339 
870198.0 2535.238611111111 
765504.0 8174.326388888899 
714961.0 10872.767222222228 
613776.0 20601.020555555562 
741441.0 9438.199166666675 
860793.0 2730.146666666667 
779658.0 5867.648611111116 
667060.0 14007.473333333308 
700633.0 11498.340555555533 
549831.0 33571.64444444447 
715806.0 10797.018333333339 
620376.0 18990.11 
578363.0 28110.237499999996 
718891.0 10480.41333333333 
831311.0 3607.0402777777826 
824839.0 3764.99444444445 
676396.0 13051.345833333331 
740272.0 9525.57722222223 
931037.0 2127.793333333334 
618695.0 20072.238888888896 
680010.0 12659.073611111122 
810167.0 4741.260555555556 
552250.0 32476.434444444483 
857283.0 2798.2333333333313 
711073.0 11223.401666666674 
618759.0 19707.196666666674 
802710.0 4886.038888888893 
583469.0 27650.358611111114 
809181.0 4779.383888888889 
625756.0 18361.945277777773 
737140.0 9665.466666666676 
862218.0 2726.5999999999985 
751637.0 8938.067777777798 
621001.0 18919.451111111128 
822479.0 3981.5361111111165 
641878.0 15687.789166666664 
652196.0 14768.758888888864 
649248.0 14930.526944444453 
788789.0 5232.58055555556 
740229.0 9590.984444444455 
587220.0 24855.584444444466 
844209.0 3184.930555555556 
719506.0 10404.765555555552 
662267.0 14235.442222222197 
845978.0 3159.0672222222224 
838391.0 3378.3005555555555 
647841.0 15073.502777777785 
693002.0 11839.4411111111 
597515.0 22642.755555555574 
821761.0 4048.4750000000054 
716455.0 10723.890555555561 
786056.0 5305.275000000004 
812264.0 4675.762777777778 
576935.0 28251.67555555555 
823289.0 3834.8263888888946 
573167.0 28664.08666666666 
884465.0 2373.246666666667 
708798.0 11364.983611111114 
621356.0 18884.366666666683 
550174.0 33505.06250000003 
785168.0 5310.351388888894 
815793.0 4463.0625000000055 
772290.0 7527.597777777775 
576016.0 28367.187222222215 
681595.0 12482.218611111122 
682616.0 12439.026666666645 
596013.0 22787.572222222232 
567558.0 29682.71861111111 
885042.0 2356.7636111111124 
679743.0 12797.415000000005 
680357.0 12588.8288888889 
832195.0 3603.857777777778 
612846.0 20709.458611111117 
778832.0 5985.695555555558 
709963.0 11349.74111111109 
567142.0 29765.400833333333 
672418.0 13558.365555555552 
579735.0 27986.458333333332 
675006.0 13221.124999999998 
808552.0 4803.634999999999 
818067.0 4198.490277777783 
824211.0 3796.9027777777833 
595031.0 22953.220000000016 
676137.0 13131.880277777786 
581279.0 27912.5086111111 
790251.0 5071.809722222226 
689249.0 12053.331111111087 
604886.0 21961.643333333348 
569560.0 29471.36666666671 
588247.0 24279.598888888908 
609275.0 21128.67583333334 
693553.0 11824.194444444422 
683799.0 12423.584166666675 
716046.0 10760.767222222228 
765805.0 8121.4638888888985 
601040.0 22358.939722222225 
684700.0 12300.608333333343 
681186.0 12518.170277777788 
600273.0 22469.621944444443 
676953.0 12943.635555555564 
555136.0 31491.857777777812 
790925.0 5039.8555555555595 
587848.0 24441.20444444447 
768718.0 7891.86111111112 
601415.0 22316.866111111114 
634674.0 16933.979444444445 
566138.0 29834.098888888922 
839065.0 3345.738888888889 
810841.0 4708.698888888889 
811590.0 4708.324444444444 
843535.0 3217.4922222222226 
725746.0 10042.654444444437 
561483.0 30268.115555555545 
819395.0 4158.940277777783 
822683.0 3942.6583333333388 
714445.0 10908.643888888895 
632821.0 17117.832222222223 
932423.0 2111.406388888889 
600669.0 22434.718888888892 
647270.0 15144.695833333333 
600875.0 22397.03666666667 
591955.0 23959.099444444437 
778371.0 6014.065000000002 
591656.0 24088.444444444463 
605864.0 21840.451388888887 
603259.0 22200.164444444457 
847019.0 3123.8755555555554 
665337.0 14031.09444444442 
623661.0 18757.79805555555 
567963.0 29650.792222222222 
629695.0 17317.297777777803 
632983.0 17080.34388888889 
772160.0 7558.219444444441 
688629.0 12135.057777777754 
655024.0 14396.547777777754 
631269.0 17263.781944444447 
684323.0 12387.632500000009 
671420.0 13746.55944444444 
684460.0 12336.242777777787 
925443.0 2156.5 
815231.0 4514.711111111116 
604195.0 22079.911111111123 
576533.0 28257.993333333325 
812784.0 4647.497222222227 
710963.0 11283.21444444445 
672128.0 13625.121388888885 
611308.0 20851.87333333334 
563094.0 29990.352222222256 
772757.0 7462.732777777777 
813705.0 4641.54305555556 
817299.0 4287.352777777784 
698271.0 11623.362222222197 
635247.0 16822.227777777818 
606889.0 21346.478333333333 
639359.0 16262.554999999982 
566634.0 29799.40888888892 
869025.0 2559.6630555555544 
695062.0 11810.573333333308 
918199.0 2290.171388888889 
665012.0 14067.768333333308 
916097.0 2292.579999999999 
599414.0 22582.47472222222 
561704.0 30231.567777777782 
609606.0 21097.334722222226 
803744.0 4854.881666666666 
622533.0 18774.19777777779 
767247.0 8040.509722222232 
869525.0 2537.659999999999 
609936.0 21081.01694444445 
654846.0 14558.948333333308 
584030.0 27575.9611111111 
692146.0 11890.930555555533 
777428.0 6348.047222222223 
687370.0 12261.998055555565 
561769.0 30151.16888888893 
600023.0 22504.88944444444 
852652.0 2845.135555555556 
613145.0 20677.36166666667 
599977.0 22537.059999999998 
674888.0 13269.710277777775 
646861.0 15180.2075 
846623.0 3151.4372222222228 
720033.0 10344.117777777776 
679721.0 12839.025277777784 
849398.0 2973.007777777778 
579974.0 27947.189444444444 
752165.0 8906.213611111127 
779605.0 5953.465277777783 
736759.0 9873.866666666674 
766456.0 8055.647222222232 
566746.0 29793.98611111111 
767795.0 7954.6930555555655 
695444.0 11773.709999999975 
719550.0 10375.202222222219 
685109.0 12264.656666666677 
692150.0 11872.243888888877 
695870.0 11718.414999999975 
595006.0 22981.78333333335 
726338.0 10010.412222222214 
564806.0 29898.9125 
847295.0 3043.628888888889 
681975.0 12442.266944444456 
691866.0 11930.60444444442 
562094.0 30116.521111111153 
589538.0 24156.43000000002 
842956.0 3236.3644444444444 
804500.0 4814.945555555555 
851642.0 2924.1311111111117 
925692.0 2138.799444444445 
699273.0 11531.582777777756 
696366.0 11646.498888888866 
688924.0 12090.004999999976 
631644.0 17228.51444444445 
645754.0 15191.060277777779 
877529.0 2400.88 
770855.0 7821.571111111105 
636218.0 16749.974444444488 
713969.0 10920.273888888894 
932081.0 2126.8461111111114 
634389.0 16969.491111111114 
610252.0 20965.993611111116 
699604.0 11499.340555555533 
768624.0 7935.845833333343 
673386.0 13495.194999999998 
642820.0 15566.236944444452 
601820.0 22284.939722222225 
601811.0 22292.35444444445 
650341.0 14886.185555555567 
698551.0 11590.30944444442 
773218.0 7453.732777777777 
841588.0 3310.9900000000002 
674241.0 13435.09805555555 
555423.0 31383.688888888923 
725206.0 10246.793888888886 
610385.0 20963.652500000004 
643948.0 15504.692222222222 
650737.0 14773.258055555565 
587436.0 24841.70444444444 
766187.0 8088.509722222232 
632000.0 17222.51444444445 
646633.0 15187.185555555561 
604060.0 22103.516666666677 
583790.0 27611.018888888877 
778461.0 5999.495833333339 
644742.0 15391.839444444444 
840269.0 3312.802777777778 
766051.0 8089.570833333343 
617949.0 20193.60888888889 
820572.0 4117.047222222228 
821670.0 4078.4138888888942 
613480.0 20614.949999999975 
606484.0 21378.40472222222 
616137.0 20394.829444444444 
624319.0 18469.77555555557 
649759.0 14899.161388888897 
814240.0 4617.420833333338 
664097.0 14208.873888888864 
840028.0 3345.3644444444444 
664337.0 14172.63166666664 
583679.0 27613.504444444432 
661264.0 14275.305555555531 
843174.0 3217.866666666667 
664422.0 14172.199999999975 
820778.0 4092.0930555555606 
788939.0 5118.702777777782 
604606.0 21968.784444444456 
613406.0 20620.074166666658 
698980.0 11578.256666666644 
632205.0 17159.09972222222 
688757.0 12095.815555555533 
851827.0 2915.756666666667 
650500.0 14775.599444444455 
865521.0 2564.38 
720120.0 10262.991111111109 
593520.0 23929.296944444442 
603859.0 22114.20666666668 
603820.0 22138.601111111122 
687958.0 12228.5422222222 
775580.0 6350.903333333334 
561206.0 30321.2311111111 
725137.0 10255.751666666665 
803875.0 4850.881666666666 
804118.0 4848.443333333333 
699080.0 11536.203888888866 
688146.0 12219.004999999977 
698596.0 11586.688333333308 
696279.0 11681.551666666643 
593680.0 23906.149722222217 
865395.0 2615.88 
804249.0 4815.881666666666 
671994.0 13746.144722222216 
849338.0 3005.5055555555555 
602457.0 22254.42805555556 
773426.0 7446.858888888888 
571009.0 29249.817777777815 
602542.0 22251.08694444445 
644592.0 15398.7425 
687906.0 12255.2472222222 
631678.0 17228.270277777778 
695859.0 11767.846666666645 
687857.0 12259.656666666677 
664936.0 14122.147222222196 
664737.0 14122.33666666664 
639360.0 16228.359999999997 
639598.0 16222.974999999982 
814557.0 4600.527777777782 
819650.0 4154.970833333339 
770908.0 7737.084444444439 
837817.0 3416.36 
814211.0 4641.497222222227 
764512.0 8252.643888888886 
794083.0 4960.931944444449 
561132.0 30583.77444444443 
552250.0 32476.434444444483 
744809.0 9080.15555555557 
826945.0 3701.116666666672 
731808.0 9905.443333333325 
742102.0 9241.944166666673 
834524.0 3488.4194444444447 
874914.0 2478.986944444446 
571289.0 29218.212222222257 
659785.0 14301.737222222198 
773454.0 7199.350000000008 
920546.0 2183.416666666667 
637154.0 16645.8055555556 
748048.0 8981.376388888906 
620071.0 19158.768888888884 
619465.0 19290.999999999996 
912391.0 2338.711111111111 
830152.0 3637.0708333333387 
606889.0 21346.478333333333 
832950.0 3581.542777777778 
746532.0 9055.992777777794 
854279.0 2812.199444444445 
716455.0 10723.890555555561 
557619.0 31121.435555555596 
790925.0 5039.8555555555595 
787179.0 5300.1986111111155 
918725.0 2269.0588888888888 
914167.0 2326.2799999999993 
668331.0 13881.12555555553 
614893.0 20444.361666666664 
595417.0 22870.656666666684 
773697.0 7034.548611111118 
649248.0 14930.526944444453 
668006.0 13917.79944444442 
859569.0 2748.6 
816987.0 4324.711111111117 
669481.0 13785.900555555552 
850567.0 2940.0716666666667 
816077.0 4428.420833333339 
619175.0 19625.027777777792 
878536.0 2399.1944444444434 
779825.0 5774.908333333339 
870198.0 2535.238611111111 
613776.0 20601.020555555562 
621356.0 18884.366666666683 
741441.0 9438.199166666675 
779658.0 5867.648611111116 
667060.0 14007.473333333308 
700633.0 11498.340555555533 
549831.0 33571.64444444447 
715806.0 10797.018333333339 
620376.0 18990.11 
831311.0 3607.0402777777826 
824839.0 3764.99444444445 
931037.0 2127.793333333334 
676396.0 13051.345833333331 
680010.0 12659.073611111122 
740272.0 9525.57722222223 
810167.0 4741.260555555556 
857283.0 2798.2333333333313 
802710.0 4886.038888888893 
583469.0 27650.358611111114 
809181.0 4779.383888888889 
625756.0 18361.945277777773 
737140.0 9665.466666666676 
862218.0 2726.5999999999985 
751637.0 8938.067777777798 
578363.0 28110.237499999996 
822479.0 3981.5361111111165 
641878.0 15687.789166666664 
652196.0 14768.758888888864 
788789.0 5232.58055555556 
740229.0 9590.984444444455 
587220.0 24855.584444444466 
844209.0 3184.930555555556 
672128.0 13625.121388888885 
719506.0 10404.765555555552 
838391.0 3378.3005555555555 
845978.0 3159.0672222222224 
597515.0 22642.755555555574 
693002.0 11839.4411111111 
821761.0 4048.4750000000054 
786056.0 5305.275000000004 
812264.0 4675.762777777778 
823289.0 3834.8263888888946 
884465.0 2373.246666666667 
708798.0 11364.983611111114 
550174.0 33505.06250000003 
815793.0 4463.0625000000055 
772290.0 7527.597777777775 
576016.0 28367.187222222215 
681595.0 12482.218611111122 
596013.0 22787.572222222232 
567558.0 29682.71861111111 
661264.0 14275.305555555531 
885042.0 2356.7636111111124 
679743.0 12797.415000000005 
680357.0 12588.8288888889 
832195.0 3603.857777777778 
612846.0 20709.458611111117 
709963.0 11349.74111111109 
567142.0 29765.400833333333 
555136.0 31491.857777777812 
579735.0 27986.458333333332 
808552.0 4803.634999999999 
824211.0 3796.9027777777833 
595031.0 22953.220000000016 
581279.0 27912.5086111111 
643948.0 15504.692222222222 
632205.0 17159.09972222222 
604886.0 21961.643333333348 
562094.0 30116.521111111153 
609275.0 21128.67583333334 
689249.0 12053.331111111087 
683799.0 12423.584166666675 
716046.0 10760.767222222228 
684700.0 12300.608333333343 
681186.0 12518.170277777788 
600273.0 22469.621944444443 
676953.0 12943.635555555564 
632821.0 17117.832222222223 
587848.0 24441.20444444447 
768718.0 7891.86111111112 
601415.0 22316.866111111114 
634674.0 16933.979444444445 
566138.0 29834.098888888922 
649759.0 14899.161388888897 
839065.0 3345.738888888889 
810841.0 4708.698888888889 
811590.0 4708.324444444444 
843535.0 3217.4922222222226 
561483.0 30268.115555555545 
819395.0 4158.940277777783 
822683.0 3942.6583333333388 
714445.0 10908.643888888895 
662267.0 14235.442222222197 
932423.0 2111.406388888889 
600669.0 22434.718888888892 
647270.0 15144.695833333333 
600875.0 22397.03666666667 
571009.0 29249.817777777815 
591955.0 23959.099444444437 
635247.0 16822.227777777818 
591656.0 24088.444444444463 
603259.0 22200.164444444457 
847019.0 3123.8755555555554 
665337.0 14031.09444444442 
623661.0 18757.79805555555 
567963.0 29650.792222222222 
629695.0 17317.297777777803 
632983.0 17080.34388888889 
688629.0 12135.057777777754 
631269.0 17263.781944444447 
925443.0 2156.5 
576533.0 28257.993333333325 
604195.0 22079.911111111123 
815231.0 4514.711111111116 
812784.0 4647.497222222227 
837817.0 3416.36 
710963.0 11283.21444444445 
673386.0 13495.194999999998 
674241.0 13435.09805555555 
611308.0 20851.87333333334 
772757.0 7462.732777777777 
563094.0 29990.352222222256 
813705.0 4641.54305555556 
698271.0 11623.362222222197 
817299.0 4287.352777777784 
639359.0 16262.554999999982 
566634.0 29799.40888888892 
869025.0 2559.6630555555544 
918199.0 2290.171388888889 
665012.0 14067.768333333308 
916097.0 2292.579999999999 
599414.0 22582.47472222222 
561704.0 30231.567777777782 
609606.0 21097.334722222226 
803744.0 4854.881666666666 
767247.0 8040.509722222232 
869525.0 2537.659999999999 
609936.0 21081.01694444445 
777428.0 6348.047222222223 
687370.0 12261.998055555565 
692146.0 11890.930555555533 
561769.0 30151.16888888893 
841588.0 3310.9900000000002 
600023.0 22504.88944444444 
613145.0 20677.36166666667 
852652.0 2845.135555555556 
599977.0 22537.059999999998 
646861.0 15180.2075 
674888.0 13269.710277777775 
752165.0 8906.213611111127 
846623.0 3151.4372222222228 
720033.0 10344.117777777776 
679721.0 12839.025277777784 
579974.0 27947.189444444444 
779605.0 5953.465277777783 
766456.0 8055.647222222232 
695444.0 11773.709999999975 
573167.0 28664.08666666666 
767795.0 7954.6930555555655 
685109.0 12264.656666666677 
695870.0 11718.414999999975 
564806.0 29898.9125 
847295.0 3043.628888888889 
681975.0 12442.266944444456 
842956.0 3236.3644444444444 
688924.0 12090.004999999976 
804500.0 4814.945555555555 
851642.0 2924.1311111111117 
925692.0 2138.799444444445 
699273.0 11531.582777777756 
631644.0 17228.51444444445 
601820.0 22284.939722222225 
877529.0 2400.88 
636218.0 16749.974444444488 
932081.0 2126.8461111111114 
634389.0 16969.491111111114 
610252.0 20965.993611111116 
699604.0 11499.340555555533 
768624.0 7935.845833333343 
642820.0 15566.236944444452 
650341.0 14886.185555555567 
698551.0 11590.30944444442 
773218.0 7453.732777777777 
664737.0 14122.33666666664 
725206.0 10246.793888888886 
672418.0 13558.365555555552 
650737.0 14773.258055555565 
587436.0 24841.70444444444 
766187.0 8088.509722222232 
632000.0 17222.51444444445 
646633.0 15187.185555555561 
604060.0 22103.516666666677 
583790.0 27611.018888888877 
840269.0 3312.802777777778 
766051.0 8089.570833333343 
820572.0 4117.047222222228 
819650.0 4154.970833333339 
821670.0 4078.4138888888942 
613480.0 20614.949999999975 
606484.0 21378.40472222222 
616137.0 20394.829444444444 
654846.0 14558.948333333308 
814240.0 4617.420833333338 
664097.0 14208.873888888864 
840028.0 3345.3644444444444 
664337.0 14172.63166666664 
613406.0 20620.074166666658 
843174.0 3217.866666666667 
820778.0 4092.0930555555606 
788939.0 5118.702777777782 
698980.0 11578.256666666644 
688757.0 12095.815555555533 
851827.0 2915.756666666667 
650500.0 14775.599444444455 
865521.0 2564.38 
720120.0 10262.991111111109 
593520.0 23929.296944444442 
687958.0 12228.5422222222 
775580.0 6350.903333333334 
561206.0 30321.2311111111 
725137.0 10255.751666666665 
803875.0 4850.881666666666 
804118.0 4848.443333333333 
699080.0 11536.203888888866 
688146.0 12219.004999999977 
698596.0 11586.688333333308 
696279.0 11681.551666666643 
865395.0 2615.88 
593680.0 23906.149722222217 
804249.0 4815.881666666666 
671994.0 13746.144722222216 
849338.0 3005.5055555555555 
602457.0 22254.42805555556 
773426.0 7446.858888888888 
602542.0 22251.08694444445 
687906.0 12255.2472222222 
695859.0 11767.846666666645 
687857.0 12259.656666666677 
664936.0 14122.147222222196 
639360.0 16228.359999999997 
639598.0 16222.974999999982 
814557.0 4600.527777777782 
770908.0 7737.084444444439 
814211.0 4641.497222222227 
764512.0 8252.643888888886 
794083.0 4960.931944444449 
561132.0 30583.77444444443 
826945.0 3701.116666666672 
742102.0 9241.944166666673 
731808.0 9905.443333333325 
834524.0 3488.4194444444447 
874914.0 2478.986944444446 
571289.0 29218.212222222257 
659785.0 14301.737222222198 
773454.0 7199.350000000008 
920546.0 2183.416666666667 
637154.0 16645.8055555556 
619465.0 19290.999999999996 
912391.0 2338.711111111111 
830152.0 3637.0708333333387 
596013.0 22787.572222222232 
746532.0 9055.992777777794 
854279.0 2812.199444444445 
741441.0 9438.199166666675 
716455.0 10723.890555555561 
790925.0 5039.8555555555595 
676396.0 13051.345833333331 
787179.0 5300.1986111111155 
621356.0 18884.366666666683 
914167.0 2326.2799999999993 
610252.0 20965.993611111116 
668006.0 13917.79944444442 
557619.0 31121.435555555596 
816987.0 4324.711111111117 
619175.0 19625.027777777792 
816077.0 4428.420833333339 
878536.0 2399.1944444444434 
779825.0 5774.908333333339 
870198.0 2535.238611111111 
862218.0 2726.5999999999985 
859569.0 2748.6 
613776.0 20601.020555555562 
779658.0 5867.648611111116 
667060.0 14007.473333333308 
700633.0 11498.340555555533 
649248.0 14930.526944444453 
831311.0 3607.0402777777826 
931037.0 2127.793333333334 
810167.0 4741.260555555556 
857283.0 2798.2333333333313 
802710.0 4886.038888888893 
809181.0 4779.383888888889 
751637.0 8938.067777777798 
578363.0 28110.237499999996 
822479.0 3981.5361111111165 
676953.0 12943.635555555564 
641878.0 15687.789166666664 
652196.0 14768.758888888864 
788789.0 5232.58055555556 
740229.0 9590.984444444455 
768718.0 7891.86111111112 
844209.0 3184.930555555556 
674888.0 13269.710277777775 
672128.0 13625.121388888885 
838391.0 3378.3005555555555 
845978.0 3159.0672222222224 
597515.0 22642.755555555574 
821761.0 4048.4750000000054 
812264.0 4675.762777777778 
823289.0 3834.8263888888946 
884465.0 2373.246666666667 
708798.0 11364.983611111114 
693002.0 11839.4411111111 
815793.0 4463.0625000000055 
576016.0 28367.187222222215 
567558.0 29682.71861111111 
661264.0 14275.305555555531 
885042.0 2356.7636111111124 
679743.0 12797.415000000005 
680357.0 12588.8288888889 
832195.0 3603.857777777778 
612846.0 20709.458611111117 
767795.0 7954.6930555555655 
709963.0 11349.74111111109 
555136.0 31491.857777777812 
579735.0 27986.458333333332 
808552.0 4803.634999999999 
824211.0 3796.9027777777833 
581279.0 27912.5086111111 
643948.0 15504.692222222222 
767247.0 8040.509722222232 
632205.0 17159.09972222222 
689249.0 12053.331111111087 
683799.0 12423.584166666675 
716046.0 10760.767222222228 
684700.0 12300.608333333343 
632821.0 17117.832222222223 
587848.0 24441.20444444447 
601415.0 22316.866111111114 
634674.0 16933.979444444445 
566138.0 29834.098888888922 
649759.0 14899.161388888897 
815231.0 4514.711111111116 
839065.0 3345.738888888889 
810841.0 4708.698888888889 
811590.0 4708.324444444444 
819395.0 4158.940277777783 
822683.0 3942.6583333333388 
714445.0 10908.643888888895 
932423.0 2111.406388888889 
600669.0 22434.718888888892 
600875.0 22397.03666666667 
725206.0 10246.793888888886 
591955.0 23959.099444444437 
591656.0 24088.444444444463 
847019.0 3123.8755555555554 
665337.0 14031.09444444442 
662267.0 14235.442222222197 
752165.0 8906.213611111127 
567963.0 29650.792222222222 
632983.0 17080.34388888889 
688629.0 12135.057777777754 
925443.0 2156.5 
604195.0 22079.911111111123 
576533.0 28257.993333333325 
812784.0 4647.497222222227 
837817.0 3416.36 
710963.0 11283.21444444445 
674241.0 13435.09805555555 
772757.0 7462.732777777777 
813705.0 4641.54305555556 
817299.0 4287.352777777784 
698271.0 11623.362222222197 
696279.0 11681.551666666643 
566634.0 29799.40888888892 
869025.0 2559.6630555555544 
918199.0 2290.171388888889 
665012.0 14067.768333333308 
916097.0 2292.579999999999 
599414.0 22582.47472222222 
561704.0 30231.567777777782 
609606.0 21097.334722222226 
803744.0 4854.881666666666 
869525.0 2537.659999999999 
609936.0 21081.01694444445 
692146.0 11890.930555555533 
687370.0 12261.998055555565 
561769.0 30151.16888888893 
841588.0 3310.9900000000002 
600023.0 22504.88944444444 
773697.0 7034.548611111118 
613145.0 20677.36166666667 
852652.0 2845.135555555556 
599977.0 22537.059999999998 
646861.0 15180.2075 
846623.0 3151.4372222222228 
720033.0 10344.117777777776 
695870.0 11718.414999999975 
679721.0 12839.025277777784 
579974.0 27947.189444444444 
573167.0 28664.08666666666 
685109.0 12264.656666666677 
847295.0 3043.628888888889 
681975.0 12442.266944444456 
842956.0 3236.3644444444444 
688924.0 12090.004999999976 
804500.0 4814.945555555555 
851642.0 2924.1311111111117 
925692.0 2138.799444444445 
562094.0 30116.521111111153 
601820.0 22284.939722222225 
932081.0 2126.8461111111114 
639598.0 16222.974999999982 
699604.0 11499.340555555533 
650341.0 14886.185555555567 
773218.0 7453.732777777777 
664737.0 14122.33666666664 
814557.0 4600.527777777782 
587436.0 24841.70444444444 
766187.0 8088.509722222232 
632000.0 17222.51444444445 
646633.0 15187.185555555561 
664097.0 14208.873888888864 
604060.0 22103.516666666677 
766051.0 8089.570833333343 
819650.0 4154.970833333339 
820572.0 4117.047222222228 
821670.0 4078.4138888888942 
613480.0 20614.949999999975 
606484.0 21378.40472222222 
814240.0 4617.420833333338 
840028.0 3345.3644444444444 
664337.0 14172.63166666664 
613406.0 20620.074166666658 
843174.0 3217.866666666667 
695444.0 11773.709999999975 
820778.0 4092.0930555555606 
788939.0 5118.702777777782 
698980.0 11578.256666666644 
688757.0 12095.815555555533 
688146.0 12219.004999999977 
851827.0 2915.756666666667 
650500.0 14775.599444444455 
587220.0 24855.584444444466 
720120.0 10262.991111111109 
687958.0 12228.5422222222 
561206.0 30321.2311111111 
725137.0 10255.751666666665 
803875.0 4850.881666666666 
804118.0 4848.443333333333 
865395.0 2615.88 
699080.0 11536.203888888866 
698596.0 11586.688333333308 
593680.0 23906.149722222217 
804249.0 4815.881666666666 
671994.0 13746.144722222216 
849338.0 3005.5055555555555 
602457.0 22254.42805555556 
773426.0 7446.858888888888 
602542.0 22251.08694444445 
687906.0 12255.2472222222 
695859.0 11767.846666666645 
664936.0 14122.147222222196 
770908.0 7737.084444444439 
775580.0 6350.903333333334 
814211.0 4641.497222222227 
764512.0 8252.643888888886 
619175.0 19625.027777777792 
561132.0 30583.77444444443 
826945.0 3701.116666666672 
731808.0 9905.443333333325 
834524.0 3488.4194444444447 
637154.0 16645.8055555556 
571289.0 29218.212222222257 
659785.0 14301.737222222198 
770908.0 7737.084444444439 
773454.0 7199.350000000008 
920546.0 2183.416666666667 
768718.0 7891.86111111112 
596013.0 22787.572222222232 
912391.0 2338.711111111111 
830152.0 3637.0708333333387 
854279.0 2812.199444444445 
610252.0 20965.993611111116 
716455.0 10723.890555555561 
790925.0 5039.8555555555595 
555136.0 31491.857777777812 
621356.0 18884.366666666683 
914167.0 2326.2799999999993 
676953.0 12943.635555555564 
668006.0 13917.79944444442 
557619.0 31121.435555555596 
816987.0 4324.711111111117 
816077.0 4428.420833333339 
878536.0 2399.1944444444434 
862218.0 2726.5999999999985 
859569.0 2748.6 
746532.0 9055.992777777794 
779658.0 5867.648611111116 
667060.0 14007.473333333308 
700633.0 11498.340555555533 
649248.0 14930.526944444453 
831311.0 3607.0402777777826 
931037.0 2127.793333333334 
810167.0 4741.260555555556 
857283.0 2798.2333333333313 
802710.0 4886.038888888893 
809181.0 4779.383888888889 
822683.0 3942.6583333333388 
823289.0 3834.8263888888946 
751637.0 8938.067777777798 
578363.0 28110.237499999996 
822479.0 3981.5361111111165 
652196.0 14768.758888888864 
788789.0 5232.58055555556 
740229.0 9590.984444444455 
844209.0 3184.930555555556 
672128.0 13625.121388888885 
838391.0 3378.3005555555555 
845978.0 3159.0672222222224 
821761.0 4048.4750000000054 
812264.0 4675.762777777778 
870198.0 2535.238611111111 
566634.0 29799.40888888892 
683799.0 12423.584166666675 
884465.0 2373.246666666667 
708798.0 11364.983611111114 
641878.0 15687.789166666664 
815793.0 4463.0625000000055 
576016.0 28367.187222222215 
567558.0 29682.71861111111 
661264.0 14275.305555555531 
885042.0 2356.7636111111124 
832195.0 3603.857777777778 
612846.0 20709.458611111117 
767795.0 7954.6930555555655 
709963.0 11349.74111111109 
674241.0 13435.09805555555 
579735.0 27986.458333333332 
808552.0 4803.634999999999 
824211.0 3796.9027777777833 
581279.0 27912.5086111111 
643948.0 15504.692222222222 
767247.0 8040.509722222232 
632205.0 17159.09972222222 
742102.0 9241.944166666673 
689249.0 12053.331111111087 
716046.0 10760.767222222228 
604195.0 22079.911111111123 
632821.0 17117.832222222223 
601415.0 22316.866111111114 
634674.0 16933.979444444445 
566138.0 29834.098888888922 
649759.0 14899.161388888897 
815231.0 4514.711111111116 
839065.0 3345.738888888889 
810841.0 4708.698888888889 
811590.0 4708.324444444444 
714445.0 10908.643888888895 
932423.0 2111.406388888889 
865395.0 2615.88 
725206.0 10246.793888888886 
847019.0 3123.8755555555554 
632983.0 17080.34388888889 
925443.0 2156.5 
812784.0 4647.497222222227 
837817.0 3416.36 
772757.0 7462.732777777777 
813705.0 4641.54305555556 
817299.0 4287.352777777784 
597515.0 22642.755555555574 
591955.0 23959.099444444437 
696279.0 11681.551666666643 
869025.0 2559.6630555555544 
918199.0 2290.171388888889 
665012.0 14067.768333333308 
916097.0 2292.579999999999 
599414.0 22582.47472222222 
803744.0 4854.881666666666 
869525.0 2537.659999999999 
561769.0 30151.16888888893 
841588.0 3310.9900000000002 
773697.0 7034.548611111118 
852652.0 2845.135555555556 
579974.0 27947.189444444444 
685109.0 12264.656666666677 
847295.0 3043.628888888889 
681975.0 12442.266944444456 
842956.0 3236.3644444444444 
688924.0 12090.004999999976 
932081.0 2126.8461111111114 
639598.0 16222.974999999982 
650341.0 14886.185555555567 
