254576.0 36555.98555555552 
260631.0 35716.49999999993 
256633.0 36165.009999999966 
263622.0 35474.67999999993 
264183.0 35376.67999999993 
258635.0 35986.546666666625 
253319.0 36832.40833333335 
261143.0 35572.85999999993 
270057.0 35251.03999999993 
256218.0 36195.009999999966 
278835.0 34929.03999999992 
261807.0 35525.03999999993 
259250.0 35930.546666666625 
255787.0 36432.387222222176 
249424.0 37184.39999999996 
257424.0 36115.522222222186 
255191.0 36499.98555555552 
253762.0 36717.21888888883 
264725.0 35344.67999999993 
274409.0 34967.21999999993 
250381.0 37122.399999999965 
265436.0 35302.85999999993 
260041.0 35881.05888888885 
262349.0 35493.039999999935 
271322.0 35157.39999999993 
269393.0 35298.85999999993 
269494.0 35292.56944444453 
272182.0 35059.372222222315 
270150.0 35168.76666666675 
279058.0 34889.069444444525 
275464.0 34948.76666666674 
272837.0 34987.06944444453 
281506.0 34803.27999999983 
269462.0 35295.43694444437 
282666.0 34779.27999999983 
251357.0 37051.65888888872 
239970.0 38607.4733333334 
251961.0 36987.13055555539 
240722.0 38475.994444444514 
279480.0 34872.12499999987 
194606.0 53875.47999999987 
195151.0 53513.348333333066 
194088.0 54302.433333333116 
195350.0 52907.449999999786 
192014.0 55719.52222222263 
192558.0 55358.200000000405 
193556.0 54391.17333333326 
193013.0 54752.433333333116 
233250.0 39404.293333333255 
232115.0 39592.56666666659 
222785.0 42012.314444444346 
223494.0 41672.17777777767 
223130.0 41829.60222222212 
241725.0 38061.143333333384 
225947.0 41093.22111111102 
223827.0 41658.17777777767 
234460.0 39177.053055555385 
227761.0 40826.64555555546 
224363.0 41532.61666666657 
248754.0 37229.89999999995 
226968.0 40974.79666666659 
221392.0 42215.87555555545 
225676.0 41282.069999999905 
232599.0 39488.566666666586 
231886.0 39828.70333333326 
243484.0 37889.8366666667 
233789.0 39335.00555555548 
220052.0 42723.573333333225 
228064.0 40580.94777777769 
228393.0 40566.94777777769 
235042.0 39082.566666666586 
238121.0 38685.690555555535 
228875.0 40481.09888888881 
231256.0 39915.41555555548 
225357.0 41468.918888888795 
235907.0 38940.15666666659 
220791.0 42560.14888888878 
242200.0 38007.99000000004 
241091.0 38224.89777777774 
229563.0 40390.5377777777 
246769.0 37461.63333333329 
227423.0 40940.0699999999 
247548.0 37442.926666666826 
242529.0 37993.990000000034 
240378.0 38601.74666666662 
246265.0 37566.926666666826 
218938.0 43054.11416666697 
221920.0 42151.87555555545 
222456.0 42026.314444444346 
218447.0 43295.667500000316 
239839.0 38634.322222222174 
230072.0 40150.26444444437 
245115.0 37802.784166666504 
245695.0 37627.53249999984 
226486.0 41060.64555555547 
251816.0 36997.17361111137 
248056.0 37334.47777777773 
236516.0 38938.00555555548 
219326.0 42786.3375000003 
224818.0 41501.494444444346 
236866.0 38835.73222222215 
217986.0 43508.69555555543 
235368.0 38975.58111111103 
230692.0 39982.264444444365 
280883.0 34827.0333333336 
279904.0 34833.03722222249 
281563.0 34797.05277777805 
249247.0 37222.5933333335 
197835.0 48306.708333333016 
197437.0 48907.02499999972 
209771.0 44596.66666666668 
201707.0 46695.63888888857 
251682.0 37014.693333333635 
209101.0 44719.145555555566 
251068.0 37054.593333333505 
252289.0 36904.72444444474 
202793.0 46410.7222222219 
244592.0 37816.60000000032 
221319.0 42497.6111111109 
205936.0 45582.02777777746 
200446.0 47249.583333333016 
202242.0 46520.66666666635 
196361.0 50273.28305555572 
245286.0 37688.14666666698 
213443.0 43828.46944444446 
247971.0 37395.50833333351 
198459.0 48097.305555555235 
196977.0 49060.084999999715 
195901.0 50426.141944444615 
199820.0 47382.55555555524 
204635.0 45911.91666666635 
236803.0 38886.69444444448 
252895.0 36855.2400000003 
201115.0 47167.63888888857 
208518.0 44799.93500000016 
215431.0 43766.46944444446 
205217.0 45867.91666666637 
206562.0 45449.05555555524 
204060.0 46026.833333333016 
214558.0 43801.23000000002 
212607.0 44145.93222222237 
250150.0 37152.48999999995 
196806.0 50053.31499999983 
211937.0 44268.33333333349 
210492.0 44386.18777777779 
207482.0 45284.67500000044 
211139.0 44332.94833333335 
203525.0 46201.80555555524 
216101.0 43643.990555555574 
199196.0 47591.958333333016 
