837501.0 12441.79722222222 
837501.0 12441.79722222222 
824070.0 12299.4 
825572.0 8140.386111111111 
852694.0 5545.3125 
886083.0 2452.201111111114 
930210.0 4508.028333333333 
889277.0 8763.518055555553 
935687.0 11794.914999999986 
885968.0 15825.01000000003 
771813.0 21933.574999999975 
1007281.0 12736.019999999999 
918518.0 16160.231666666672 
1032458.0 14588.598333333335 
916743.0 9493.856388888888 
1052146.0 8979.262500000003 
1148826.0 4738.373333333332 
1113198.0 9105.29833333333 
948404.0 14359.477222222204 
1043584.0 16528.856111111094 
1065897.0 20583.935000000005 
983522.0 26136.241111111118 
1096506.0 16355.021666666666 
1030215.0 16438.476666666666 
1038325.0 16805.598333333335 
1077222.0 12812.393055555558 
1119203.0 8685.034722222223 
1233119.0 6356.194444444442 
1141499.0 8267.339722222223 
1157476.0 14964.940277777776 
1111119.0 18927.266388888893 
1121254.0 23402.108333333326 
1054936.0 27056.399999999987 
1010149.0 18383.395833333347 
1401981.0 22695.574999999983 
1128975.0 17475.798888888883 
1392143.0 13073.571944444448 
1096514.0 11448.961666666666 
1323171.0 9434.52333333333 
1260113.0 15366.4 
1066693.0 17008.704444444447 
1198836.0 19845.198888888874 
1296716.0 26064.72944444442 
1038876.0 30128.12083333337 
1270945.0 21321.10416666668 
1217129.0 21886.066666666673 
1100622.0 20579.034444444424 
1259079.0 17855.956111111114 
1490073.0 17296.467499999995 
1225008.0 9751.298055555553 
1254400.0 12291.635555555547 
1413913.0 24102.317500000012 
1176143.0 20884.588611111096 
1152828.0 25482.24666666667 
1108382.0 31288.572222222178 
1154609.0 19941.74666666667 
1383330.0 25568.00222222222 
1188960.0 22234.21333333333 
1343029.0 17702.465 
1466079.0 19036.189999999995 
1465686.0 15147.549444444456 
1455597.0 18899.302777777786 
1352162.0 22992.378333333305 
1282525.0 21874.497777777786 
1520346.0 32989.706111111096 
1122616.0 34693.537500000064 
1486215.0 28611.74333333332 
1435636.0 25613.15722222223 
1448642.0 29675.133333333324 
1496470.0 18813.27000000001 
1359975.0 17216.229999999996 
1411008.0 15704.559166666664 
1451873.0 19891.57999999999 
1514353.0 25699.93999999999 
1547847.0 28205.35333333331 
1472416.0 32187.82888888888 
1176782.0 34010.45555555558 
1559424.0 28347.49166666665 
1476755.0 24353.868055555555 
1556143.0 25617.165555555563 
1407144.0 22715.00305555556 
1410179.0 22055.255833333325 
1533066.0 13573.589166666667 
1589314.0 22326.870000000003 
1638353.0 28067.701388888872 
1599617.0 31707.0 
1604963.0 30427.523888888856 
1428585.0 37099.58000000002 
1527651.0 26189.648888888907 
1495744.0 30442.085000000003 
1492482.0 29030.55833333332 
1678225.0 24668.104166666646 
1493873.0 23601.291666666686 
1727046.0 19730.632777777788 
1704861.0 20197.829999999998 
1674300.0 27189.100000000006 
1664420.0 28513.733333333294 
1653489.0 32527.23999999997 
1510402.0 49588.57638888888 
1562695.0 29810.225555555557 
1832976.0 30917.578055555558 
1774005.0 28039.57000000002 
1671218.0 31472.808888888907 
1559011.0 26203.115555555538 
1625636.0 22470.835000000006 
1623516.0 21662.940000000017 
1516309.0 27988.933333333334 
1687266.0 29081.38805555563 
1573474.0 32247.794722222232 
1492600.0 50900.068055555515 
1679916.0 39211.99999999997 
1599222.0 35814.120000000024 
1638510.0 27397.48999999999 
2135898.0 32482.66111111109 
1639204.0 27943.649999999994 
1778989.0 21137.194999999992 
1721622.0 21367.151111111096 
1792364.0 32778.722777777795 
1669744.0 31531.758333333284 
1542711.0 40106.498611111165 
1555707.0 41286.619999999966 
1578382.0 34159.88750000001 
1703790.0 33807.32055555556 
1838291.0 34172.811111111114 
1747304.0 32272.9375 
1916029.0 34064.78888888888 
1604759.0 25111.050000000003 
1914240.0 26127.513333333296 
1846654.0 31699.211111111134 
1770316.0 37499.58750000006 
1687059.0 36372.35499999997 
1537736.0 44975.727222222245 
1669626.0 37195.83472222223 
2032502.0 41289.044444444444 
2122643.0 33113.646944444416 
1837281.0 34054.56333333328 
1970411.0 32781.50833333333 
1953856.0 26080.52 
2152212.0 39930.47555555557 
1801431.0 36656.294444444444 
1780284.0 34915.94333333333 
1666714.0 42747.355000000025 
1566795.0 46841.44277777776 
1804632.0 36747.601666666655 
2050699.0 36383.036666666696 
1700637.0 39863.20333333335 
1905849.0 36584.00000000004 
2012339.0 32696.63888888888 
1647613.0 28161.786666666685 
1813867.0 32108.663055555586 
1885497.0 37136.952222222135 
1658190.0 36345.37666666671 
1726608.0 44240.28611111114 
1588539.0 53246.99444444446 
1938909.0 38389.81277777777 
2149515.0 42054.837777777786 
1942279.0 48311.54361111108 
2056824.0 35756.77222222223 
2142856.0 33594.81916666665 
2151527.0 27240.772777777787 
2016466.0 40704.864999999976 
1720411.0 33755.247500000034 
1844990.0 42349.839722222205 
1738529.0 40138.75166666666 
1642457.0 46441.246944444436 
2061790.0 41914.23749999998 
2043192.0 43204.40999999997 
1858773.0 47825.03666666671 
2083381.0 41571.52222222222 
2068281.0 33262.4055555556 
2116469.0 33305.566666666644 
1957507.0 34832.65555555556 
1993334.0 40608.22500000001 
1878165.0 46599.54194444441 
1707195.0 48360.744444444514 
1741707.0 50337.545 
2265685.0 44890.01111111108 
2186963.0 40578.92666666672 
1915211.0 42212.83833333329 
2133738.0 42450.200555555544 
2340839.0 39832.43111111111 
2006418.0 36675.65000000005 
2253499.0 38972.94277777779 
1939241.0 40876.040000000066 
1711031.0 46669.64277777779 
2024046.0 54310.8575000001 
1721671.0 65641.48333333337 
2338763.0 49946.0625 
2276321.0 43554.97361111113 
2262081.0 46388.45333333336 
2495214.0 39958.13000000001 
2249937.0 42438.510833333305 
1966878.0 37449.60388888891 
2074648.0 37314.27416666671 
1924967.0 41136.44888888889 
2009411.0 42723.94999999998 
1749900.0 51708.21416666661 
1886138.0 54858.05666666646 
2347179.0 46424.97888888892 
2197260.0 42402.70222222228 
