7460173.0 -3117.220471382141 
7490542.0 -3247.6899576187134 
7467936.0 -3133.903868675232 
7530095.0 -3304.2427463531494 
7195906.0 -2724.452262878418 
6756785.0 1300.9251880645752 
7426859.0 -3027.2704582214355 
7148416.0 -1983.5888509750366 
6828910.0 907.4465465545654 
6456772.0 4910.97190952301 
7120859.0 -1860.8732614517212 
6486409.0 3992.839189529419 
7279544.0 -2913.723629951477 
7046476.0 -1227.881121635437 
6433595.0 6154.810297012329 
6900244.0 -1180.7275247573853 
6644462.0 3707.375184059143 
6832430.0 405.1224546432495 
6512909.0 3913.9140481948853 
6677187.0 2477.924291610718 
7261670.0 -2880.0335779190063 
6773769.0 2321.6188821792603 
6790421.0 1470.2643299102783 
6775080.0 2191.157690048218 
6815048.0 1371.6421699523926 
7487502.0 -2927.074990272522 
7532953.0 -3010.135726928711 
7519926.0 -2986.6777124404907 
7223377.0 -1961.7525396347046 
7146032.0 -1825.0255088806152 
6491329.0 4143.322600364685 
6463637.0 6405.324231147766 
6446746.0 7305.841341018677 
6440557.0 7654.87860584259 
7017588.0 -731.7921047210693 
7065835.0 -1158.434471130371 
6916400.0 -661.2667751312256 
6908670.0 317.4254684448242 
6847227.0 600.8112373352051 
6843837.0 991.5823316574097 
6548749.0 3922.4706563949585 
6716003.0 3440.0181312561035 
6685618.0 3739.4685487747192 
6729801.0 2572.275824546814 
7412776.0 -2789.397148132324 
7465888.0 -2870.093674659729 
7289589.0 -1985.4815006256104 
7370405.0 -2495.073166847229 
7309889.0 -2072.532028198242 
6779902.0 2232.3385553359985 
6825871.0 2000.6612529754639 
7571390.0 -2983.912220954895 
7172750.0 -1352.1237001419067 
7180866.0 -1626.9693584442139 
7217094.0 -1774.9433155059814 
6526121.0 4219.558143615723 
6500021.0 6081.168203353882 
6496011.0 6134.939487457275 
6507727.0 4270.869853019714 
6483515.0 6634.7837743759155 
6483391.0 6647.229741096497 
6489740.0 6575.459601402283 
6459705.0 7638.96694278717 
6473069.0 7466.237245559692 
6448645.0 8710.908994674683 
6451062.0 8287.521738052368 
6452217.0 7684.155601501465 
7091841.0 -1143.0784349441528 
6978399.0 -455.51132678985596 
7012250.0 -595.5661945343018 
6940202.0 -64.54702758789062 
6996382.0 -535.23122215271 
6957182.0 -190.04022598266602 
6937970.0 44.57357406616211 
6914474.0 597.367772102356 
6898884.0 1209.059513092041 
6874294.0 1371.4565773010254 
6873024.0 1716.7291383743286 
6594998.0 4139.46501159668 
6712418.0 3814.53604888916 
6722365.0 3754.7268991470337 
6778558.0 2783.2831315994263 
6749410.0 2874.209683418274 
7420460.0 -2756.454080581665 
7451704.0 -2788.294906616211 
7479407.0 -2819.6278381347656 
7414730.0 -2215.935954093933 
7382493.0 -1869.8033170700073 
6449166.0 9051.719855308533 
7577174.0 -2807.9065647125244 
7431126.0 -2581.818404197693 
7223818.0 -1708.1627006530762 
6880672.0 1920.273959159851 
7101603.0 -1117.1046171188354 
6489404.0 7409.755479812622 
7210695.0 -1605.3997106552124 
6479837.0 8697.120929718018 
6760323.0 3706.142300605774 
6797224.0 2615.9677333831787 
6510719.0 5837.170372009277 
