9733617.0 13450.856853485107 
9529710.0 13489.814811706543 
9260769.0 15042.789675712585 
1.0479628E7 12593.907967567444 
9074486.0 20085.211088180542 
9088396.0 15331.282579421997 
9192086.0 15180.60696220398 
9960504.0 13656.415705680847 
9542828.0 14280.176671028137 
9699687.0 13991.299852371216 
9952687.0 13845.501196861267 
9518422.0 15141.293319702148 
1.0653771E7 13123.00790977478 
9116237.0 15434.236106872559 
9342439.0 15399.298666000366 
9743246.0 14963.024564743042 
9793829.0 14570.889107704163 
9963515.0 14119.997943878174 
9954602.0 14213.053130149841 
1.0609562E7 13977.234853744507 
1.0267948E7 14008.003213882446 
9728499.0 15216.181220054626 
1.0724756E7 13389.470829963684 
9195019.0 16554.367832183838 
9278597.0 16085.424263000488 
9267705.0 16437.719081878662 
9132186.0 19426.235557556152 
9194802.0 18143.90426826477 
9349354.0 15775.970854759216 
9919706.0 14576.52679347992 
1.0057545E7 14170.468406677246 
1.00362E7 14210.24606513977 
9998049.0 14523.927094459534 
1.0716279E7 14125.616638183594 
9822073.0 15292.050855636597 
9781431.0 15611.458817481995 
9286548.0 16352.32308101654 
9302424.0 16163.762548446655 
9272443.0 17895.729164123535 
9489568.0 16039.387890815735 
9726602.0 15817.667846679688 
9940260.0 15148.089552879333 
1.0657672E7 14170.712551116943 
1.0606397E7 14396.48150730133 
1.0589282E7 14399.093276023865 
1.0539679E7 14571.252772331238 
1.0084922E7 14803.691756248474 
1.0013803E7 14865.70594406128 
1.0523557E7 14586.362713813782 
9925628.0 15431.50121498108 
9860362.0 15629.251255989075 
9474612.0 17029.507462501526 
9397352.0 17464.303002357483 
9281537.0 23329.267727851868 
9285334.0 18049.908994674683 
9614134.0 16474.470690727234 
9500092.0 16606.92324733734 
9659436.0 16100.581412315369 
9548844.0 16483.50593662262 
9944298.0 15290.999817848206 
1.0120918E7 15156.767656326294 
1.0380172E7 14874.211595535278 
1.0595759E7 14687.541072845459 
9911010.0 15905.67889213562 
9427020.0 17667.742849349976 
9285757.0 18588.274616241455 
9525529.0 17366.560850143433 
9860356.0 16393.601307868958 
9795430.0 16545.582989692688 
9734095.0 16701.793274879456 
9585073.0 16861.158982276917 
9996317.0 15429.569296836853 
9950627.0 15564.908604621887 
1.0012187E7 15345.503649711609 
1.0153231E7 15312.709323883057 
1.0523572E7 14925.538487434387 
1.0462732E7 15096.385251045227 
9927325.0 16387.934947013855 
9442252.0 18058.31851387024 
9525509.0 17700.938663482666 
9486481.0 17971.46053791046 
9496010.0 17906.085980415344 
9292126.0 18834.03345966339 
9410039.0 18627.988945007324 
9304091.0 18741.355975151062 
9289552.0 22365.804920196533 
9289286.0 23526.06660079956 
9888179.0 16689.866373062134 
9737906.0 16982.583380699158 
9859408.0 16947.08687400818 
9595920.0 17040.622220993042 
1.0165343E7 15320.124031066895 
9302399.0 22973.81471157074 
9321201.0 19525.91950416565 
9310325.0 22187.422041893005 
9484314.0 18375.492825508118 
9909176.0 16834.597833633423 
9606966.0 17736.036770820618 
9715095.0 17043.476338386536 
9413904.0 18710.832035064697 
