7709203.0 -85305.44988745451 
6600899.0 -74408.88942575455 
7931042.0 -87287.24715161324 
6900813.0 -79657.6739512682 
7920494.0 -86817.9177320525 
7467626.0 -84806.1606208682 
6630864.0 -74610.26751771197 
7653853.0 -85270.90970005095 
6594445.0 -74181.2360284701 
7839633.0 -86510.93139997683 
7704995.0 -85301.72429297864 
7906650.0 -86812.95378372632 
6654958.0 -78145.6802919805 
6918535.0 -79801.34782128967 
7858838.0 -86753.68349867128 
6678028.0 -78151.86127918214 
6602345.0 -74542.26880870946 
6965484.0 -82674.02379966527 
7729940.0 -85374.77507747244 
6949379.0 -80003.82952590287 
7539613.0 -85122.32301462442 
7263349.0 -84153.83384762006 
6734987.0 -78869.13092477247 
6635627.0 -75847.01892478764 
7044619.0 -83856.64967993647 
7782802.0 -86409.41303075105 
6696859.0 -78445.18517091125 
8557070.0 -87785.02734474 
6954240.0 -81889.86340237781 
6947781.0 -79822.97230829298 
6712689.0 -78614.0530218929 
6579101.0 -72899.70963109285 
7943890.0 -87126.38379357755 
7974530.0 -87238.26599535346 
8012587.0 -87251.66493396088 
6907438.0 -78889.50781575777 
7467864.0 -84342.69794791006 
7485079.0 -84474.61624610424 
7474751.0 -84434.90688759089 
7530148.0 -84507.89976793365 
7855251.0 -86414.38655886054 
6657513.0 -78014.51517155766 
7928855.0 -86724.4138514027 
7893106.0 -86689.71993229631 
6629969.0 -74541.85334686935 
6611052.0 -74228.51662778854 
6627848.0 -74528.64315956831 
6626799.0 -74489.85886351392 
6970163.0 -82396.4097654596 
7739575.0 -85252.17100865394 
7640514.0 -85097.9528078027 
7588816.0 -85094.99211401306 
7545283.0 -84970.20504716039 
7456127.0 -84136.82413399313 
7345640.0 -84093.66343451291 
6889050.0 -78692.48861207813 
6646985.0 -75270.71504940093 
6639993.0 -74882.74392548203 
6640504.0 -74924.88391634822 
6636369.0 -74571.32866076753 
7178207.0 -83445.02896912768 
7249073.0 -83633.62277480774 
7196935.0 -83597.1761414744 
7081000.0 -83428.53921954334 
7812648.0 -85962.9998975154 
7809954.0 -85358.72759918869 
6703904.0 -78330.09085183963 
8582128.0 -87677.1637781579 
8572412.0 -87289.57402385399 
8569283.0 -87269.85105440393 
6960340.0 -79818.63891885616 
6714208.0 -78383.16073004901 
6858355.0 -78501.44720639288 
6599503.0 -72167.79697263986 
6584874.0 -71758.63810219802 
8710419.0 -87511.2274403125 
6603281.0 -67358.21631072834 
6608528.0 -72157.50194797665 
8005976.0 -87147.90543880686 
8485756.0 -87163.05761730112 
6658807.0 -77264.8203419894 
6650339.0 -74320.11048539728 
7026614.0 -82272.0336444024 
6910791.0 -78810.65219767392 
6620417.0 -74031.6283909604 
7009612.0 -81195.33004466444 
7163164.0 -82880.86400676612 
7891159.0 -86313.92214109004 
6971713.0 -80038.67604492325 
7635613.0 -85050.89229624718 
7569846.0 -84574.87220598012 
6865577.0 -78358.3363405373 
7729733.0 -85072.85187478736 
6702501.0 -77557.12637462001 
7797882.0 -85207.86923545599 
7251759.0 -83422.72564312466 
7415921.0 -83826.63062628359 
7821480.0 -85839.1436945498 
6986564.0 -80135.06507788599 
8585074.0 -87391.3915751595 
