7556669.0 -3785.5286083221436 
7603851.0 -3830.427216529846 
6804992.0 182.69377517700195 
7146815.0 -2471.7693758010864 
7659050.0 -3955.8641605377197 
6857995.0 -1422.386570930481 
6326471.0 5078.76171875 
7233544.0 -2924.4997205734253 
6542554.0 1085.4029512405396 
6887445.0 -2063.4427032470703 
6526399.0 1269.5060396194458 
6812011.0 -1039.550456047058 
7249244.0 -3460.7128677368164 
6323873.0 6099.277376174927 
7104916.0 -2065.5752096176147 
6370333.0 4571.413254737854 
7421014.0 -3535.424331665039 
6496762.0 1912.555172920227 
6711587.0 214.91211700439453 
6395910.0 3487.105362892151 
7164994.0 -2816.3908548355103 
7132113.0 -2436.616596221924 
7418988.0 -3513.2630796432495 
6481760.0 3204.88702583313 
7571887.0 -3693.8441019058228 
6344222.0 5531.878962516785 
6947645.0 -1509.714059829712 
7091597.0 -1967.706874847412 
6890999.0 -1492.9822998046875 
6589468.0 1366.2501821517944 
6854673.0 -122.49995422363281 
6814363.0 116.87374114990234 
6845703.0 32.30553150177002 
6869963.0 -979.0523061752319 
6860054.0 -732.9817571640015 
7328240.0 -2954.7675104141235 
7418589.0 -3138.356526374817 
7279544.0 -2913.723629951477 
7261670.0 -2880.0335779190063 
6336703.0 7258.33438873291 
7117807.0 -2056.861693382263 
6372212.0 5049.049715995789 
6500961.0 2466.8844900131226 
6562891.0 2123.8769121170044 
6554223.0 2364.220510482788 
6737653.0 463.1299285888672 
6771087.0 344.2821207046509 
6719861.0 485.0703287124634 
6398943.0 4498.463116645813 
6447297.0 3898.9276723861694 
6464289.0 3518.644474029541 
6462376.0 3842.2000274658203 
7182165.0 -2726.46257686615 
7186770.0 -2798.736439704895 
7166617.0 -2623.7912549972534 
7490542.0 -3247.6899576187134 
7525235.0 -3333.766103744507 
7580113.0 -3516.523268699646 
7727493.0 -3597.940809249878 
6345711.0 5851.742943763733 
7001064.0 -1507.98557472229 
7092988.0 -1699.1328573226929 
6900244.0 -1180.7275247573853 
6910764.0 -1306.6206130981445 
6596354.0 2101.650478363037 
6625171.0 1597.2195014953613 
6855268.0 42.44697380065918 
6869243.0 -272.96674728393555 
6886261.0 -691.9130172729492 
7460173.0 -3117.220471382141 
7467936.0 -3133.903868675232 
7426859.0 -3027.2704582214355 
7285545.0 -2876.392165184021 
7120859.0 -1860.8732614517212 
7148416.0 -1983.5888509750366 
6382858.0 5408.359457015991 
6379336.0 5671.327837944031 
6521895.0 3362.820156097412 
6536217.0 2773.2806873321533 
6527465.0 3079.136526107788 
6832430.0 405.1224546432495 
6815741.0 429.90823459625244 
6732842.0 1123.6473846435547 
6727763.0 1578.4616346359253 
6737738.0 531.2641687393188 
6813626.0 504.62458992004395 
6404333.0 4508.046875 
6498581.0 3539.2761392593384 
6486409.0 3992.839189529419 
6485916.0 4008.569139480591 
6472549.0 4436.195722579956 
7195906.0 -2724.452262878418 
7244498.0 -2748.833610534668 
7272288.0 -2767.218274116516 
7176509.0 -2309.684992790222 
7181036.0 -2434.0688619613647 
7195005.0 -2445.733801841736 
7530095.0 -3304.2427463531494 
6357278.0 6560.764291763306 
7730014.0 -3227.1748399734497 
