7931042.0 -87287.24715161324 
7044619.0 -83856.64967993647 
6696859.0 -78445.18517091125 
8557070.0 -87785.02734474 
6712689.0 -78614.0530218929 
8626560.0 -87848.14954457339 
7851137.0 -86916.84355889075 
7011650.0 -83592.62226753682 
8019681.0 -87364.02204761468 
7130931.0 -85430.75835713744 
7911311.0 -87143.58654400706 
6991298.0 -83434.50124328583 
7763652.0 -86269.31974805146 
6889816.0 -81471.2345390059 
6561330.0 -76349.1081554871 
6681693.0 -78443.18654563278 
6717712.0 -79115.2862624675 
7793725.0 -86788.72445611283 
6528901.0 -74722.33964953385 
8688785.0 -88011.67740573362 
6761014.0 -80405.46535094455 
7563440.0 -85843.95593564585 
6854134.0 -81228.68806927744 
6822815.0 -80742.91405799426 
6741867.0 -79542.6665972881 
6650574.0 -78428.6762727201 
7764143.0 -86638.37185839936 
6902842.0 -83411.70634905621 
6533461.0 -75055.95156753808 
6548864.0 -76091.58365329169 
6570625.0 -77091.02465118095 
7510856.0 -85574.56201464962 
6900588.0 -82122.03905305825 
6574285.0 -78308.7823465094 
7974530.0 -87238.26599535346 
8012587.0 -87251.66493396088 
7062513.0 -83687.87851941027 
8582128.0 -87677.1637781579 
7906650.0 -86812.95378372632 
7872359.0 -86799.10083760135 
8572412.0 -87289.57402385399 
8569283.0 -87269.85105440393 
7467626.0 -84806.1606208682 
7470368.0 -85269.34204003215 
7283647.0 -84504.33994616242 
7160548.0 -84370.9943125993 
7943890.0 -87126.38379357755 
7920494.0 -86817.9177320525 
7023004.0 -83415.07232857496 
6734987.0 -78869.13092477247 
6719604.0 -78654.05512921512 
6722042.0 -78703.32572560757 
7858838.0 -86753.68349867128 
6780001.0 -79646.27065551281 
7721628.0 -85715.58972818777 
7692092.0 -85659.85867646709 
6863293.0 -81101.57164162071 
6846898.0 -80269.59254778922 
6758285.0 -78921.32971131802 
6762303.0 -79022.66147671267 
6777426.0 -79239.79288287461 
6670228.0 -78348.30628342927 
6714208.0 -78383.16073004901 
7782802.0 -86409.41303075105 
7839633.0 -86510.93139997683 
7767429.0 -85839.9875087589 
6938113.0 -83283.1558182966 
6922998.0 -83238.86416707747 
6535086.0 -73381.8671316551 
6566302.0 -74998.97683075443 
7539083.0 -85273.56199267507 
6917406.0 -81733.92048071511 
6643629.0 -77376.19625593722 
6644249.0 -78117.90180432796 
6626771.0 -77300.29002406984 
6623308.0 -77160.91801050398 
6654958.0 -78145.6802919805 
6578233.0 -76714.93256834522 
8710479.0 -87654.70571218431 
6549030.0 -72079.56813031062 
8016405.0 -87189.92770718783 
8664706.0 -87397.81239218917 
6897873.0 -80862.48117774352 
6965643.0 -83186.94962261803 
6790195.0 -79213.30123916268 
7508735.0 -84964.82006024476 
7450155.0 -84287.91130849719 
6573575.0 -74192.88350798376 
6587073.0 -75674.70814016461 
7255758.0 -84213.01435992541 
7812648.0 -85962.9998975154 
6725524.0 -78654.74015136063 
7123581.0 -83683.51305888593 
7704995.0 -85301.72429297864 
7896553.0 -86600.87580732256 
6564630.0 -73278.95827760547 
6614764.0 -76411.63670127094 
6636272.0 -76898.54078300297 
6657513.0 -78014.51517155766 
7173994.0 -83771.02306064311 
