7931042.0 -87287.24715161324 
7044619.0 -83856.64967993647 
7011650.0 -83592.62226753682 
7130931.0 -85430.75835713744 
7911311.0 -87143.58654400706 
6991298.0 -83434.50124328583 
7793725.0 -86788.72445611283 
7563440.0 -85843.95593564585 
7764143.0 -86638.37185839936 
6902842.0 -83411.70634905621 
6574285.0 -78308.7823465094 
6608669.0 -78320.15678150207 
7848734.0 -87088.61782724038 
6776258.0 -82079.20020839013 
8573764.0 -88743.17922630347 
6480251.0 -73349.72939657979 
6827966.0 -83037.3355081575 
6523375.0 -75938.96151423268 
7086338.0 -84830.4099625051 
7178525.0 -85752.81932122633 
7026026.0 -83619.77748301812 
6538372.0 -77539.68413480558 
6724162.0 -80469.60124456324 
7745148.0 -86549.48711624742 
6757745.0 -80891.33188097365 
7966627.0 -87911.49048824608 
6624089.0 -79325.24853157625 
6526035.0 -77389.86128762923 
6822468.0 -82974.57497644424 
6493772.0 -75677.97014045995 
7062513.0 -83687.87851941027 
7943890.0 -87126.38379357755 
7023004.0 -83415.07232857496 
6938113.0 -83283.1558182966 
6922998.0 -83238.86416707747 
6992926.0 -83344.26907108165 
6606006.0 -77950.37637516484 
7851137.0 -86916.84355889075 
6786227.0 -81326.21174849756 
6810245.0 -81793.01243444532 
8688785.0 -88011.67740573362 
8670002.0 -87992.83658254147 
7160548.0 -84370.9943125993 
7267835.0 -85616.34502124041 
7721628.0 -85715.58972818777 
7692092.0 -85659.85867646709 
7254606.0 -85137.9489127174 
6741867.0 -79542.6665972881 
6751340.0 -79648.21577680297 
7763652.0 -86269.31974805146 
7782802.0 -86409.41303075105 
7839633.0 -86510.93139997683 
7781704.0 -86272.30827052519 
7750418.0 -86028.41444082558 
6761014.0 -80405.46535094455 
8557070.0 -87785.02734474 
8019681.0 -87364.02204761468 
8382046.0 -87744.07316053286 
7974530.0 -87238.26599535346 
8012587.0 -87251.66493396088 
8626560.0 -87848.14954457339 
8624499.0 -87794.76179519296 
6634604.0 -79245.82244728878 
6659499.0 -79323.72669268213 
6526691.0 -76527.83289993834 
6570625.0 -77091.02465118095 
6568850.0 -76627.91557141393 
6884793.0 -82919.85901293065 
6508025.0 -73892.89458047878 
6505796.0 -72110.59054726642 
6498523.0 -71121.42548372131 
6496862.0 -70702.29995289724 
8722205.0 -87928.0551648885 
6509675.0 -73308.45222486183 
8016405.0 -87189.92770718783 
8569283.0 -87269.85105440393 
7123581.0 -83683.51305888593 
7765961.0 -85932.49038175121 
7510856.0 -85574.56201464962 
6899775.0 -82874.27801511437 
7919225.0 -86819.23296292126 
7298675.0 -85269.37439867109 
6835696.0 -81340.98187511414 
6528901.0 -74722.33964953385 
7792667.0 -86246.45205125958 
7207037.0 -84272.86946058273 
6533461.0 -75055.95156753808 
6965643.0 -83186.94962261803 
7458534.0 -85493.19128026068 
8582128.0 -87677.1637781579 
6543547.0 -76411.32001431659 
7283647.0 -84504.33994616242 
6697243.0 -79276.30096442625 
6762407.0 -79825.3715024814 
6623308.0 -77160.91801050398 
6570998.0 -76455.32292862982 
6772460.0 -80184.99673134461 
6684695.0 -78778.96417102963 
6644249.0 -78117.90180432796 
6643629.0 -77376.19625593722 
