6796710.0 -1289.6448230743408 
6337189.0 3265.0962648391724 
6234310.0 4171.6947412490845 
6189489.0 5649.878135681152 
6430313.0 198.43100833892822 
7621960.0 -5044.736220359802 
6811098.0 -1556.5843076705933 
6882498.0 -2161.997383117676 
6948324.0 -2612.663543701172 
6953997.0 -2828.9150943756104 
6565136.0 -303.49621295928955 
7024902.0 -4607.707684516907 
6761548.0 -1152.4920301437378 
6288123.0 3588.1102895736694 
6830684.0 -1618.2529783248901 
7608843.0 -4947.418783187866 
6554417.0 192.57944011688232 
6753613.0 -1128.4831848144531 
6139703.0 7501.280973434448 
6605681.0 -838.2098379135132 
6988428.0 -2907.3691625595093 
7377853.0 -4931.084255218506 
6201559.0 4808.766250610352 
6150909.0 6528.542103767395 
6286456.0 3611.4219036102295 
6248480.0 3711.5151596069336 
6151238.0 6418.761105537415 
6376528.0 1328.8474607467651 
7609316.0 -5005.594313621521 
6201204.0 4915.00629234314 
7106234.0 -4736.862092971802 
6800559.0 -1292.0014343261719 
6978732.0 -2864.476724624634 
6943099.0 -2291.927929878235 
6837756.0 -2020.2979164123535 
7151106.0 -4821.791790962219 
6363363.0 2962.5649251937866 
6342358.0 3574.6321125030518 
6353066.0 3361.55983543396 
6531589.0 541.3859987258911 
6489391.0 806.3948764801025 
6537351.0 462.03042221069336 
6460098.0 908.2509822845459 
6827411.0 -1339.9123249053955 
6887445.0 -2063.4427032470703 
6956623.0 -2415.796341896057 
6570002.0 -235.03652095794678 
7068649.0 -3980.033685684204 
7055192.0 -3580.253182411194 
7072828.0 -4345.784026145935 
7050444.0 -3239.4721069335938 
7069176.0 -4048.6640224456787 
6764306.0 -1061.5615453720093 
6741058.0 -432.3817434310913 
6742060.0 -543.7461395263672 
6629673.0 -371.93377113342285 
7598535.0 -4858.545791625977 
6205531.0 4819.370569229126 
6281800.0 3858.9629554748535 
6269703.0 4395.87239074707 
6260023.0 4495.6794090271 
6256458.0 4759.296139717102 
6151356.0 7216.030174255371 
6191263.0 6812.828489303589 
6419776.0 1519.8994417190552 
6384515.0 1822.0909910202026 
6412815.0 1780.5176448822021 
6955778.0 -2236.8781232833862 
6871007.0 -1952.2309427261353 
6853012.0 -1826.9051008224487 
7548426.0 -4759.79233455658 
7437744.0 -4601.480354309082 
6381673.0 3199.5407037734985 
7601436.0 -4818.900755882263 
6175470.0 7579.381996154785 
7086798.0 -4161.952538490295 
7436311.0 -4286.486776351929 
6199643.0 6955.834248542786 
6205793.0 5078.58296585083 
7000734.0 -2397.090015411377 
6883304.0 -1898.5942869186401 
6595944.0 13.345151901245117 
6478757.0 1508.6575202941895 
6535228.0 1021.4046001434326 
6566405.0 627.8410549163818 
6387759.0 2816.3305654525757 
6789799.0 -1005.9217338562012 
6697851.0 -128.43706703186035 
6422221.0 1751.5017881393433 
6418466.0 2440.3369092941284 
7081065.0 -3235.1172618865967 
7519284.0 -4572.214666366577 
6765670.0 -456.1594457626343 
7072248.0 -2507.5457344055176 
6361708.0 3456.0151414871216 
6266279.0 4520.494238853455 
6240597.0 4998.179532051086 
6297641.0 3874.160144805908 
6850372.0 -1225.384075164795 
7474532.0 -4289.877691268921 
