6882498.0 -2161.997383117676 
7024902.0 -4607.707684516907 
6761548.0 -1152.4920301437378 
6753613.0 -1128.4831848144531 
6605681.0 -838.2098379135132 
6201559.0 4808.766250610352 
6248480.0 3711.5151596069336 
6376528.0 1328.8474607467651 
6201204.0 4915.00629234314 
6470370.0 -319.9961767196655 
6942092.0 -3024.446541786194 
7056154.0 -6279.736327171326 
6098055.0 7608.647814750671 
6148359.0 5343.289416313171 
6872325.0 -2131.620698928833 
6222836.0 4075.5671377182007 
6770309.0 -1373.1572303771973 
6476927.0 -597.2050819396973 
6764733.0 -1239.9979209899902 
6780643.0 -2078.9196701049805 
6912275.0 -2359.7534408569336 
6286304.0 3473.889301300049 
7042608.0 -5194.419909477234 
6957480.0 -3433.8323192596436 
6317630.0 1530.547981262207 
6096959.0 9836.60161113739 
6132479.0 6153.477562904358 
6180928.0 5002.103047370911 
6992849.0 -4015.5129585266113 
6417275.0 196.5559663772583 
6764306.0 -1061.5615453720093 
6663696.0 -731.4976797103882 
6205531.0 4819.370569229126 
6281800.0 3858.9629554748535 
6275918.0 4050.2107334136963 
6274476.0 4052.8032665252686 
6416221.0 1439.580816268921 
6948324.0 -2612.663543701172 
6953997.0 -2828.9150943756104 
7489192.0 -5367.972262382507 
6111530.0 8059.014639854431 
6149462.0 5993.327302932739 
6905146.0 -2126.5900497436523 
6234310.0 4171.6947412490845 
6629673.0 -371.93377113342285 
6565136.0 -303.49621295928955 
6523542.0 -177.83841800689697 
6630016.0 -515.6331748962402 
6811098.0 -1556.5843076705933 
6830684.0 -1618.2529783248901 
6837756.0 -2020.2979164123535 
6798772.0 -1448.008430480957 
6887445.0 -2063.4427032470703 
6796710.0 -1289.6448230743408 
6791407.0 -1189.2448415756226 
6943099.0 -2291.927929878235 
6288123.0 3588.1102895736694 
6286456.0 3611.4219036102295 
7066833.0 -5176.328032493591 
6988428.0 -2907.3691625595093 
6978732.0 -2864.476724624634 
6384515.0 1822.0909910202026 
6412815.0 1780.5176448822021 
6408611.0 1786.9499282836914 
6320076.0 2316.5219373703003 
6139703.0 7501.280973434448 
6143998.0 7229.5784339904785 
6138954.0 8057.814264297485 
6189489.0 5649.878135681152 
6190299.0 5390.886920928955 
7055192.0 -3580.253182411194 
7064688.0 -3730.6194591522217 
6998939.0 -3083.7233877182007 
7028171.0 -3490.2126140594482 
6430313.0 198.43100833892822 
6120011.0 8355.473256111145 
7422637.0 -5105.269980430603 
6322302.0 2496.9688272476196 
7377853.0 -4931.084255218506 
7151106.0 -4821.791790962219 
6789799.0 -1005.9217338562012 
6435153.0 363.3252258300781 
6871007.0 -1952.2309427261353 
6305641.0 4082.9033308029175 
6570002.0 -235.03652095794678 
6143946.0 7645.079746246338 
6554417.0 192.57944011688232 
6404740.0 1907.753833770752 
6704779.0 -537.2393283843994 
6419776.0 1519.8994417190552 
6150909.0 6528.542103767395 
7050444.0 -3239.4721069335938 
7010088.0 -2594.1560411453247 
6259149.0 4359.106559753418 
6169009.0 6290.973123550415 
6720368.0 -565.2311925888062 
7106234.0 -4736.862092971802 
6258960.0 4967.928831100464 
6955778.0 -2236.8781232833862 
6950340.0 -2047.8606405258179 
