7130931.0 -85430.75835713744 
7563440.0 -85843.95593564585 
8573764.0 -88743.17922630347 
7086338.0 -84830.4099625051 
7178525.0 -85752.81932122633 
7966627.0 -87911.49048824608 
6970114.0 -84276.56565205008 
6743882.0 -82359.22027211636 
7976748.0 -88010.49053377472 
6652206.0 -80446.22965793498 
6708854.0 -81236.73975018412 
6689668.0 -80819.28083346412 
6541902.0 -79235.60886959359 
6950494.0 -83926.15858042613 
6773848.0 -83086.39220693707 
7741588.0 -86636.21537807211 
6681456.0 -80562.80570478551 
7069372.0 -84656.7406528499 
8528301.0 -88141.38985997532 
6815033.0 -83394.14959439449 
6551983.0 -79802.0324029997 
6394421.0 -78007.23671369255 
6721070.0 -82322.65120508522 
6515856.0 -78107.04919324443 
7112155.0 -85114.05449746922 
7753811.0 -86820.29543882981 
6275123.0 -75250.64996238798 
6619795.0 -80122.20610324293 
6533681.0 -78676.27525839955 
7758796.0 -87365.30400443822 
6635359.0 -80427.4519033581 
6594015.0 -80024.95629108138 
6263145.0 -74064.70450049639 
7576195.0 -86560.85595981032 
7208117.0 -85773.92432671785 
6313902.0 -76937.10946223512 
6361354.0 -77954.59328532219 
7820474.0 -87648.48620180879 
7041414.0 -84299.05623045575 
7911345.0 -87783.70390038751 
6863361.0 -83674.40003421484 
6257132.0 -73491.37005829811 
6969727.0 -83929.0482939023 
7174954.0 -85129.65006640553 
8627228.0 -88319.21605437994 
7201295.0 -85342.39947810769 
7018130.0 -84108.2495814804 
6992333.0 -84032.09940950572 
6972985.0 -83944.7694683075 
8038511.0 -87859.95883854665 
8450154.0 -87950.62009884883 
6549139.0 -78773.61622421071 
6805667.0 -82661.77089195698 
6804010.0 -82623.9569750838 
6790105.0 -82554.00298648328 
7088838.0 -84630.11325501278 
7085494.0 -84556.42616776004 
6841839.0 -83274.63178464584 
6827966.0 -83037.3355081575 
6822468.0 -82974.57497644424 
6565889.0 -79058.52111878991 
6568862.0 -79700.76905468293 
6763999.0 -82297.16693697497 
6759127.0 -81660.75139097124 
6752307.0 -81263.90696041286 
6749407.0 -81032.89028415829 
6724162.0 -80469.60124456324 
6727890.0 -81012.72523044609 
6525703.0 -78017.88406000659 
7165009.0 -84914.67838300765 
7159632.0 -84681.33231070638 
7764143.0 -86638.37185839936 
7786472.0 -86909.96559710056 
6721210.0 -80138.12708219141 
6637975.0 -80097.80850531161 
7721634.0 -86037.47308747843 
7745148.0 -86549.48711624742 
7589879.0 -86017.99930132926 
7588019.0 -85905.3499635756 
7320999.0 -85757.46113515645 
7267835.0 -85616.34502124041 
6319309.0 -76914.35453786701 
6370352.0 -77600.33505046368 
6401592.0 -77806.69836125523 
6508835.0 -77810.8933223784 
7840518.0 -87528.65515320562 
7993090.0 -87670.30772302859 
7983590.0 -87601.28810418397 
6902842.0 -83411.70634905621 
6864323.0 -83331.33939312398 
8688785.0 -88011.67740573362 
6328757.0 -70291.87492439151 
6349562.0 -74720.55170724168 
8382046.0 -87744.07316053286 
8077546.0 -87692.13440646976 
7254606.0 -85137.9489127174 
6785388.0 -81444.01076592226 
7458534.0 -85493.19128026068 
7097634.0 -84392.55729409121 
6363866.0 -75477.44284998626 
