6470370.0 -319.9961767196655 
7056154.0 -6279.736327171326 
6476927.0 -597.2050819396973 
6780643.0 -2078.9196701049805 
7042608.0 -5194.419909477234 
6064591.0 3939.698649406433 
6730707.0 -1710.3972959518433 
6666870.0 -1633.9658222198486 
6806421.0 -2661.0449647903442 
6518640.0 -1454.9605550765991 
7014212.0 -4848.644625663757 
6025519.0 6873.412931442261 
6344197.0 584.1987113952637 
6048107.0 5618.320378303528 
6318512.0 843.1562671661377 
6377156.0 345.78538703918457 
6957630.0 -4592.148080825806 
6834866.0 -2671.8606548309326 
6909469.0 -3713.190092086792 
6209870.0 1037.2440032958984 
6783707.0 -2543.7819051742554 
6501915.0 -843.1845350265503 
6733039.0 -1965.3008480072021 
7015224.0 -5138.788142204285 
6379819.0 -256.2449998855591 
6122762.0 3804.737756729126 
6140700.0 3007.7908811569214 
7069830.0 -6003.495545387268 
6484955.0 -406.1294231414795 
7066833.0 -5176.328032493591 
6112529.0 4301.109011650085 
6076997.0 5222.590128898621 
6094381.0 4564.0222997665405 
6081173.0 4809.7434940338135 
6522562.0 -956.1500158309937 
6585978.0 -1085.0859212875366 
6663318.0 -1337.6359691619873 
6732266.0 -1344.9699325561523 
6033602.0 6988.936490058899 
6368473.0 665.3850431442261 
6348581.0 680.9252347946167 
6050960.0 6155.711989402771 
6064737.0 5659.259304046631 
7006140.0 -4445.477338790894 
6962203.0 -4341.760007858276 
6958144.0 -4189.233477592468 
6943791.0 -3433.050775527954 
6936742.0 -3425.6736612319946 
6924925.0 -2924.343837738037 
6951567.0 -3576.8949480056763 
6914065.0 -2791.568084716797 
6927680.0 -3351.6150999069214 
6910461.0 -2791.0982151031494 
6317630.0 1530.547981262207 
6291212.0 2500.9349880218506 
6293679.0 1836.1969051361084 
6274374.0 2695.6747436523438 
6851011.0 -2387.644079208374 
6885636.0 -2511.7241888046265 
6817079.0 -2381.545690536499 
6883029.0 -2432.57137298584 
6748917.0 -1941.9010696411133 
7019344.0 -4947.352465629578 
6417275.0 196.5559663772583 
6431425.0 27.631535530090332 
6385118.0 489.45833015441895 
6407964.0 429.1124629974365 
6447986.0 -119.07896995544434 
6140996.0 4030.1942253112793 
6167647.0 3639.2511558532715 
6177523.0 3174.9989042282104 
7098975.0 -5855.594932556152 
6052236.0 7082.462936401367 
6430313.0 198.43100833892822 
6189388.0 3348.574234008789 
6494607.0 -138.5906524658203 
6745136.0 -1226.199182510376 
6348003.0 1576.292148590088 
7069225.0 -4945.932884216309 
6765102.0 -1869.6204996109009 
6052491.0 6403.218081474304 
6832379.0 -2375.5091190338135 
6148667.0 4242.173159599304 
6303998.0 2540.592162132263 
6109367.0 4611.46351146698 
6317308.0 2011.8363857269287 
6675975.0 -1069.0970191955566 
6605681.0 -838.2098379135132 
6095887.0 5342.501311302185 
6914215.0 -2506.009256362915 
6379809.0 667.4158344268799 
6824130.0 -1990.844425201416 
6367265.0 773.9143896102905 
7077605.0 -5774.678586959839 
7024902.0 -4607.707684516907 
6533291.0 -674.8969163894653 
6280510.0 3121.294758796692 
6650261.0 -891.524847984314 
6992849.0 -4015.5129585266113 
6070855.0 5674.713460922241 
