7056154.0 -6279.736327171326 
6476927.0 -597.2050819396973 
7042608.0 -5194.419909477234 
6064591.0 3939.698649406433 
6806421.0 -2661.0449647903442 
6518640.0 -1454.9605550765991 
7014212.0 -4848.644625663757 
6957630.0 -4592.148080825806 
6909469.0 -3713.190092086792 
6209870.0 1037.2440032958984 
6501915.0 -843.1845350265503 
6733039.0 -1965.3008480072021 
7015224.0 -5138.788142204285 
6379819.0 -256.2449998855591 
6140700.0 3007.7908811569214 
6370023.0 281.8829126358032 
6836100.0 -2931.426079750061 
6839728.0 -3023.74893283844 
7009355.0 -4795.866195678711 
6536147.0 -1460.931164741516 
6869428.0 -3710.9361248016357 
6932947.0 -3885.139246940613 
6046504.0 4839.757040977478 
6513919.0 -887.8508558273315 
6776406.0 -2655.0909337997437 
7044655.0 -5634.489694595337 
6096236.0 3573.4348583221436 
5993500.0 6979.620633125305 
6550864.0 -1544.7646951675415 
6275585.0 402.55591106414795 
6469322.0 -521.9097557067871 
6107901.0 3423.6927585601807 
6012091.0 5562.260533332825 
6622681.0 -1802.5869579315186 
6834276.0 -2909.5674591064453 
6149841.0 1677.1925067901611 
7069830.0 -6003.495545387268 
6094381.0 4564.0222997665405 
6081173.0 4809.7434940338135 
6522562.0 -956.1500158309937 
6531943.0 -1359.157826423645 
6962203.0 -4341.760007858276 
6958144.0 -4189.233477592468 
6997139.0 -4557.26925945282 
6748917.0 -1941.9010696411133 
7019344.0 -4947.352465629578 
6447986.0 -119.07896995544434 
6411810.0 -58.52806282043457 
6404582.0 60.666789054870605 
6377156.0 345.78538703918457 
6550493.0 -1450.4617910385132 
6892729.0 -3563.959050178528 
6887062.0 -3190.0766925811768 
6889302.0 -3373.4250106811523 
6933984.0 -3683.3578310012817 
6076997.0 5222.590128898621 
6073945.0 5291.3211097717285 
6780643.0 -2078.9196701049805 
6783707.0 -2543.7819051742554 
7066833.0 -5176.328032493591 
6099524.0 4257.282844543457 
6099905.0 4098.396168708801 
6588267.0 -1473.310544013977 
6344197.0 584.1987113952637 
6318512.0 843.1562671661377 
6283556.0 1308.7653818130493 
6291342.0 1185.1689519882202 
6345164.0 528.8638896942139 
6470370.0 -319.9961767196655 
6500397.0 -487.50023460388184 
6477455.0 -421.9434700012207 
6497396.0 -440.7756223678589 
6122762.0 3804.737756729126 
6135036.0 3720.291666984558 
6014732.0 6714.721937179565 
6048107.0 5618.320378303528 
6730707.0 -1710.3972959518433 
6666870.0 -1633.9658222198486 
6834866.0 -2671.8606548309326 
6879144.0 -2739.5653972625732 
6879433.0 -2875.218279838562 
6166629.0 2886.0222749710083 
6164808.0 2979.173418045044 
6242607.0 1895.7353773117065 
6236332.0 2717.222574234009 
7098975.0 -5855.594932556152 
6024301.0 8800.881753921509 
6744422.0 -1125.0520763397217 
6585978.0 -1085.0859212875366 
6259643.0 2583.2084703445435 
7080905.0 -4300.489489555359 
6970395.0 -4135.1211013793945 
6811415.0 -2322.3562088012695 
6477473.0 203.68604469299316 
6095809.0 5968.289306640625 
6906526.0 -3265.9755353927612 
6298171.0 1319.9768562316895 
6174775.0 3122.594080924988 
6109367.0 4611.46351146698 
6050960.0 6155.711989402771 
