7056154.0 -6279.736327171326 
6476927.0 -597.2050819396973 
7042608.0 -5194.419909477234 
6806421.0 -2661.0449647903442 
6518640.0 -1454.9605550765991 
6209870.0 1037.2440032958984 
6501915.0 -843.1845350265503 
7015224.0 -5138.788142204285 
6379819.0 -256.2449998855591 
6836100.0 -2931.426079750061 
6536147.0 -1460.931164741516 
6513919.0 -887.8508558273315 
6776406.0 -2655.0909337997437 
7044655.0 -5634.489694595337 
6096236.0 3573.4348583221436 
6550864.0 -1544.7646951675415 
6469322.0 -521.9097557067871 
6107901.0 3423.6927585601807 
6149841.0 1677.1925067901611 
6857845.0 -3866.0758743286133 
5954038.0 4115.9415855407715 
6723670.0 -2401.5386924743652 
6423769.0 -401.4308261871338 
6753891.0 -2556.954445838928 
6306283.0 -98.62609958648682 
6985560.0 -5122.790166854858 
6827968.0 -2912.455164909363 
6148933.0 2104.2236833572388 
6714340.0 -2372.437258720398 
6090343.0 3672.6155853271484 
6927050.0 -4646.509264945984 
6898593.0 -3953.289482116699 
5998418.0 3775.7116842269897 
6129835.0 2320.835121154785 
6195559.0 1586.5839529037476 
6112050.0 2466.297558784485 
6603410.0 -2249.1680870056152 
6085556.0 3744.0565967559814 
5985627.0 3887.5298528671265 
6836974.0 -3673.5572023391724 
6260341.0 315.7414016723633 
7069830.0 -6003.495545387268 
6522562.0 -956.1500158309937 
6531943.0 -1359.157826423645 
6529680.0 -1207.4972162246704 
6216090.0 1294.5045671463013 
6550493.0 -1450.4617910385132 
6514704.0 -790.4248104095459 
7045007.0 -5394.2302923202515 
6588267.0 -1473.310544013977 
6500397.0 -487.50023460388184 
6477455.0 -421.9434700012207 
6483632.0 -450.7697591781616 
6109678.0 3671.9816007614136 
6188983.0 2047.0938940048218 
6869428.0 -3710.9361248016357 
6447986.0 -119.07896995544434 
6456841.0 -368.6161184310913 
6441769.0 -103.27129077911377 
6453224.0 -271.11691093444824 
6783707.0 -2543.7819051742554 
6772304.0 -2476.1518745422363 
6370023.0 281.8829126358032 
6411810.0 -58.52806282043457 
6404582.0 60.666789054870605 
7014212.0 -4848.644625663757 
7009355.0 -4795.866195678711 
7019344.0 -4947.352465629578 
7038522.0 -4978.0945863723755 
6834276.0 -2909.5674591064453 
6928922.0 -4028.43500995636 
6930751.0 -4064.721625328064 
6942341.0 -4616.719016075134 
6909469.0 -3713.190092086792 
6161437.0 2335.286479949951 
6200332.0 1838.8739490509033 
6115455.0 3638.4795236587524 
6140700.0 3007.7908811569214 
6134123.0 3499.1361770629883 
6133023.0 3528.936873435974 
6153638.0 2886.2547283172607 
6139951.0 3479.223030090332 
6622681.0 -1802.5869579315186 
6658383.0 -2119.42475605011 
6694679.0 -2169.255928993225 
6097781.0 3847.1481218338013 
5991103.0 4003.864499092102 
6064591.0 3939.698649406433 
6839728.0 -3023.74893283844 
6842078.0 -3092.8992319107056 
6861802.0 -3608.039210319519 
6275585.0 402.55591106414795 
6265818.0 1110.363452911377 
7072998.0 -5920.33800983429 
5993500.0 6979.620633125305 
6000736.0 4590.2801303863525 
6887020.0 -3693.7434797286987 
7033492.0 -4789.595059394836 
6597567.0 -1138.0566339492798 
6542348.0 -262.99011421203613 
