9429929.0 -77572.58940895321 
9459098.0 -77710.8108193581 
9299574.0 -75637.46299777692 
9323969.0 -76084.93854899472 
9293167.0 -75621.78809712874 
9077755.0 -74539.16997701861 
9325291.0 -77292.23573907511 
8725803.0 -65443.97652515769 
8811698.0 -70132.22499578446 
9074745.0 -74366.79848087952 
8902837.0 -73823.70857347641 
9079999.0 -75147.60876410315 
8890831.0 -73800.72217805311 
8895571.0 -73815.74302439485 
8678635.0 -64643.88354378566 
9017235.0 -74210.84531774 
8809357.0 -69367.17939842492 
8708382.0 -65247.95596602559 
9383677.0 -77449.93523148866 
8726010.0 -68929.4975400716 
8844650.0 -73120.40183092374 
9477446.0 -77627.71743641654 
9317689.0 -75523.98300686246 
9368306.0 -76682.71632694127 
9333527.0 -76112.02393590845 
8832401.0 -70011.44604604691 
9117976.0 -74671.08070772886 
9252081.0 -75097.98690744163 
9100584.0 -74496.75475617126 
9204304.0 -75083.81528781727 
8957620.0 -73650.40403025504 
8703363.0 -64149.33843484521 
9090403.0 -73941.83797004819 
8724317.0 -64481.73798315134 
9408376.0 -77045.33855364518 
8773661.0 -67610.0033697784 
8828001.0 -68519.20300639118 
8726146.0 -65293.444397035986 
8747245.0 -66244.24589690566 
8933923.0 -70149.1964950189 
8942265.0 -70785.670594953 
8930028.0 -70142.12115050014 
9509313.0 -77216.74796207296 
9497382.0 -77179.37851232663 
9403737.0 -76185.24194777943 
9403838.0 -76358.84815946268 
9335916.0 -75830.89677020581 
8895463.0 -68733.75374942715 
9101718.0 -74159.12382217497 
9284308.0 -74699.37152340682 
9253636.0 -74671.11512677046 
9234344.0 -74251.77543754969 
8964435.0 -73493.35873756185 
9017602.0 -73579.52383734472 
8977702.0 -73566.81439309008 
8959373.0 -72398.58055466227 
9430501.0 -76673.35567313852 
9474058.0 -76813.46563728037 
8787841.0 -67532.70993228443 
8844129.0 -67726.6877639282 
8858566.0 -67828.08254846744 
8749557.0 -65641.63682924397 
8941123.0 -69207.78049057722 
9365479.0 -75689.14839933487 
9345841.0 -75202.69560506381 
9397102.0 -75692.75927718729 
8898399.0 -68282.2459458008 
8904709.0 -68612.495134403 
9150908.0 -74101.65033590212 
9123060.0 -74019.49250074476 
9257972.0 -74252.59049968515 
9264799.0 -74347.90792902559 
8967466.0 -72633.6915648086 
9047125.0 -73525.41890376434 
9020421.0 -72679.96027159318 
9466967.0 -76493.55873749265 
9434700.0 -76432.5413183202 
9431425.0 -76288.7449973058 
8791807.0 -66255.06865824014 
8801103.0 -66346.21117653372 
8807102.0 -67488.29117205716 
8865324.0 -67674.27732136729 
8896842.0 -67720.97711452097 
8789123.0 -65211.58344964124 
8757569.0 -64357.10451999493 
8754520.0 -63353.9677561149 
9600603.0 -76275.91326449695 
8799541.0 -66054.94835006073 
9160090.0 -73887.78139757738 
9351805.0 -74796.74570065504 
9440580.0 -76254.47675549472 
8984532.0 -71863.93726534396 
9082970.0 -72997.95949625038 
8977326.0 -70092.04436941817 
8936092.0 -68571.7187878266 
9012319.0 -72611.19761796668 
9399567.0 -75143.81229196489 
8972761.0 -69554.82625633688 
8819849.0 -66391.18724548817 
8914853.0 -67862.74735045806 
