7056154.0 -6279.736327171326 
6209870.0 1037.2440032958984 
7015224.0 -5138.788142204285 
6857845.0 -3866.0758743286133 
5954038.0 4115.9415855407715 
6306283.0 -98.62609958648682 
6985560.0 -5122.790166854858 
6927050.0 -4646.509264945984 
6898593.0 -3953.289482116699 
6603410.0 -2249.1680870056152 
5985627.0 3887.5298528671265 
6836974.0 -3673.5572023391724 
6260341.0 315.7414016723633 
6957700.0 -4683.825337409973 
6845403.0 -3698.825527191162 
6310452.0 -326.53785514831543 
6146445.0 1696.7844533920288 
6009283.0 2936.972861289978 
6960673.0 -4685.822262763977 
6148681.0 1148.060326576233 
6086496.0 2283.34086227417 
5995591.0 3372.879041671753 
6358693.0 -1683.2736902236938 
7043525.0 -5962.50968837738 
6702868.0 -3086.5387744903564 
6092522.0 1899.9683094024658 
6186927.0 1038.7916440963745 
6598132.0 -1707.4236536026 
6620982.0 -2583.558596611023 
6344029.0 -861.8995418548584 
6792295.0 -3500.6373987197876 
6823361.0 -3522.0221214294434 
6908806.0 -4090.345353126526 
6024089.0 2364.003396987915 
6767461.0 -3252.8660364151 
7038985.0 -5197.88604927063 
7069830.0 -6003.495545387268 
7101780.0 -6030.15465927124 
6869428.0 -3710.9361248016357 
6309480.0 -5.588151931762695 
7014212.0 -4848.644625663757 
7009355.0 -4795.866195678711 
7019344.0 -4947.352465629578 
7038522.0 -4978.0945863723755 
7022949.0 -4977.215824127197 
6942341.0 -4616.719016075134 
5991103.0 4003.864499092102 
6275585.0 402.55591106414795 
6290186.0 361.26090812683105 
6861802.0 -3608.039210319519 
6313080.0 -294.3648052215576 
6149841.0 1677.1925067901611 
6164550.0 1577.0446147918701 
6186401.0 1346.5189380645752 
5998418.0 3775.7116842269897 
6018895.0 3394.4342918395996 
6518640.0 -1454.9605550765991 
6536147.0 -1460.931164741516 
6550864.0 -1544.7646951675415 
6451379.0 -914.7196550369263 
6511707.0 -1313.4389209747314 
7044655.0 -5634.489694595337 
7061606.0 -5930.418158531189 
6705001.0 -2756.771228790283 
6148933.0 2104.2236833572388 
6129835.0 2320.835121154785 
6265818.0 1110.363452911377 
6271857.0 1050.9411849975586 
6216090.0 1294.5045671463013 
6235940.0 1284.9526014328003 
6632759.0 -2284.5374784469604 
6622681.0 -1802.5869579315186 
6650610.0 -2442.4883852005005 
6624307.0 -1966.3780546188354 
6377250.0 -673.5396699905396 
6389166.0 -768.571798324585 
6837506.0 -3323.497543334961 
6928922.0 -4028.43500995636 
6930751.0 -4064.721625328064 
6909469.0 -3713.190092086792 
6079453.0 2536.37513256073 
6073960.0 3079.4013538360596 
6112050.0 2466.297558784485 
6123707.0 2372.1208906173706 
6836100.0 -2931.426079750061 
6827968.0 -2912.455164909363 
7042608.0 -5194.419909477234 
5993500.0 6979.620633125305 
7072998.0 -5920.33800983429 
6454484.0 -693.8428297042847 
6842078.0 -3092.8992319107056 
6713993.0 -2659.579710006714 
6000736.0 4590.2801303863525 
6085566.0 2634.1048192977905 
6588267.0 -1473.310544013977 
7009992.0 -4544.175753593445 
6941329.0 -3614.265538215637 
6024357.0 3407.2956132888794 
6658383.0 -2119.42475605011 
7045007.0 -5394.2302923202515 
