7056154.0 -6279.736327171326 
6209870.0 1037.2440032958984 
6009283.0 2936.972861289978 
6148681.0 1148.060326576233 
5995591.0 3372.879041671753 
6358693.0 -1683.2736902236938 
6186927.0 1038.7916440963745 
6344029.0 -861.8995418548584 
6934178.0 -5249.503924369812 
6554893.0 -2291.673056602478 
6294877.0 -636.5913419723511 
6598530.0 -3556.2903089523315 
6570486.0 -2333.9695472717285 
6806362.0 -3882.3522729873657 
6337100.0 -755.1351070404053 
7031587.0 -6162.943815231323 
6017124.0 1154.9141864776611 
6305719.0 -642.3451509475708 
6256880.0 -80.33277225494385 
6234591.0 562.4144163131714 
5913093.0 3381.1643657684326 
6594518.0 -3221.193655014038 
7010387.0 -5879.061965942383 
6349543.0 -1063.0231552124023 
6888018.0 -4287.163504600525 
5870091.0 3667.3409671783447 
6218767.0 896.9529600143433 
6578014.0 -2849.800024986267 
6812975.0 -4234.8886461257935 
6907361.0 -4834.068379402161 
6518640.0 -1454.9605550765991 
6536147.0 -1460.931164741516 
6550864.0 -1544.7646951675415 
6511707.0 -1313.4389209747314 
6360706.0 -1084.4329681396484 
6210922.0 1039.077368736267 
6985560.0 -5122.790166854858 
6991766.0 -5163.765242576599 
6556217.0 -1681.1177101135254 
6792295.0 -3500.6373987197876 
6746918.0 -3302.2160081863403 
6747304.0 -3392.562382698059 
6683228.0 -3221.377453804016 
7043525.0 -5962.50968837738 
7069830.0 -6003.495545387268 
7101780.0 -6030.15465927124 
6146445.0 1696.7844533920288 
6086496.0 2283.34086227417 
6024089.0 2364.003396987915 
6149841.0 1677.1925067901611 
6164550.0 1577.0446147918701 
6186401.0 1346.5189380645752 
6090369.0 1860.4144268035889 
6018341.0 2870.998161315918 
6306283.0 -98.62609958648682 
6310452.0 -326.53785514831543 
6260341.0 315.7414016723633 
6015437.0 3611.839157104492 
6649635.0 -3068.1452379226685 
6614835.0 -2968.5887336730957 
7038985.0 -5197.88604927063 
5954038.0 4115.9415855407715 
5985627.0 3887.5298528671265 
5998418.0 3775.7116842269897 
5913252.0 4849.717021942139 
6239930.0 913.2911977767944 
6610653.0 -2605.2474040985107 
6603410.0 -2249.1680870056152 
6598132.0 -1707.4236536026 
6602639.0 -1951.2914562225342 
6857845.0 -3866.0758743286133 
6836974.0 -3673.5572023391724 
6845403.0 -3698.825527191162 
6823361.0 -3522.0221214294434 
6835100.0 -3633.5746154785156 
6898593.0 -3953.289482116699 
6927050.0 -4646.509264945984 
6957700.0 -4683.825337409973 
6960673.0 -4685.822262763977 
6908806.0 -4090.345353126526 
7073611.0 -5960.08132648468 
5957144.0 5107.410623550415 
6376602.0 -998.4862756729126 
6517743.0 -1289.8389196395874 
6610658.0 -1866.1461000442505 
7015224.0 -5138.788142204285 
6620982.0 -2583.558596611023 
6032504.0 2396.847890853882 
6092522.0 1899.9683094024658 
6702868.0 -3086.5387744903564 
6899994.0 -3886.8390579223633 
6315206.0 -33.806161880493164 
5991103.0 4003.864499092102 
5987181.0 4676.254811286926 
6275585.0 402.55591106414795 
6991431.0 -4633.696906089783 
6148996.0 1755.7000064849854 
6876239.0 -3324.3000717163086 
6767461.0 -3252.8660364151 
6241655.0 1014.5475091934204 
