7056154.0 -6279.736327171326 
6148681.0 1148.060326576233 
6358693.0 -1683.2736902236938 
6186927.0 1038.7916440963745 
6344029.0 -861.8995418548584 
6554893.0 -2291.673056602478 
6294877.0 -636.5913419723511 
6598530.0 -3556.2903089523315 
6570486.0 -2333.9695472717285 
6806362.0 -3882.3522729873657 
6337100.0 -755.1351070404053 
7031587.0 -6162.943815231323 
6017124.0 1154.9141864776611 
6305719.0 -642.3451509475708 
6256880.0 -80.33277225494385 
6234591.0 562.4144163131714 
5913093.0 3381.1643657684326 
6594518.0 -3221.193655014038 
7010387.0 -5879.061965942383 
6349543.0 -1063.0231552124023 
5870091.0 3667.3409671783447 
6218767.0 896.9529600143433 
6578014.0 -2849.800024986267 
6812975.0 -4234.8886461257935 
6255181.0 287.6233777999878 
6190742.0 970.6036806106567 
6531033.0 -2259.4665756225586 
6247824.0 315.93171310424805 
6270569.0 -253.4633913040161 
6014475.0 1331.2911252975464 
6370011.0 -1756.0106506347656 
6005445.0 2574.4272298812866 
6011551.0 1925.5791940689087 
6002770.0 2751.078758239746 
6561596.0 -2318.087918281555 
6841343.0 -5453.939092636108 
6005505.0 2048.0505571365356 
5998394.0 2759.421814918518 
5947067.0 3033.3036890029907 
7095902.0 -6198.555546760559 
6360706.0 -1084.4329681396484 
6792295.0 -3500.6373987197876 
6630293.0 -3492.310173034668 
6808317.0 -3566.866135597229 
7043525.0 -5962.50968837738 
7055485.0 -6069.801727294922 
6042048.0 1232.491665840149 
6310452.0 -326.53785514831543 
6330568.0 -565.0068588256836 
6245997.0 798.025915145874 
5931159.0 3493.9922943115234 
6614835.0 -2968.5887336730957 
5905190.0 4290.39702796936 
5896887.0 4501.818680763245 
5900205.0 4349.9991979599 
6239930.0 913.2911977767944 
6610653.0 -2605.2474040985107 
6584915.0 -2431.2390336990356 
6827709.0 -4051.713932991028 
6260341.0 315.7414016723633 
6209870.0 1037.2440032958984 
6212094.0 1013.3442268371582 
6558458.0 -2000.4103021621704 
6306283.0 -98.62609958648682 
6295339.0 18.55001926422119 
6375899.0 -1299.698938369751 
6405367.0 -1587.931224822998 
6396476.0 -1407.8443212509155 
6543484.0 -1706.4321594238281 
6579654.0 -2173.2344245910645 
6934178.0 -5249.503924369812 
6888018.0 -4287.163504600525 
6888067.0 -4518.391188621521 
6978208.0 -5328.988372802734 
6907278.0 -4842.186650276184 
6879212.0 -4262.564706802368 
6024089.0 2364.003396987915 
6039160.0 2147.9945487976074 
6028120.0 2222.234365463257 
6001447.0 2838.198452949524 
6008685.0 2761.6150302886963 
5951067.0 3183.754822731018 
7124963.0 -6085.249983787537 
5913252.0 4849.717021942139 
6393449.0 -1094.7665567398071 
6064984.0 1661.016417503357 
6214416.0 1207.6894235610962 
6461297.0 -1528.1615056991577 
6357516.0 689.9380950927734 
6040534.0 2342.397644996643 
5954038.0 4115.9415855407715 
5988148.0 3255.1359281539917 
6579269.0 -1956.2000408172607 
6623926.0 -2938.4677028656006 
6270585.0 928.3109283447266 
6903597.0 -4301.27442741394 
7047803.0 -5404.417777061462 
6583735.0 -2095.573440551758 
7101780.0 -6030.15465927124 
6864004.0 -3776.4431228637695 
