7056154.0 -6279.736327171326 
6358693.0 -1683.2736902236938 
6554893.0 -2291.673056602478 
6598530.0 -3556.2903089523315 
6570486.0 -2333.9695472717285 
6806362.0 -3882.3522729873657 
7031587.0 -6162.943815231323 
5913093.0 3381.1643657684326 
6594518.0 -3221.193655014038 
7010387.0 -5879.061965942383 
5870091.0 3667.3409671783447 
6578014.0 -2849.800024986267 
6812975.0 -4234.8886461257935 
6531033.0 -2259.4665756225586 
6370011.0 -1756.0106506347656 
6561596.0 -2318.087918281555 
6841343.0 -5453.939092636108 
6766080.0 -3668.2796087265015 
5996471.0 690.7656879425049 
7079120.0 -6508.171870231628 
6511575.0 -1934.1581993103027 
6503695.0 -1779.6931619644165 
6627480.0 -3569.8676261901855 
6053394.0 671.4657115936279 
6054539.0 613.7195692062378 
5923198.0 2709.979437828064 
5957658.0 2187.3767890930176 
6271899.0 -1369.0429315567017 
6238730.0 -254.36267948150635 
5979937.0 1822.8478078842163 
6152574.0 42.41338634490967 
6807504.0 -3722.2400455474854 
7043525.0 -5962.50968837738 
7055485.0 -6069.801727294922 
5922175.0 3559.8670988082886 
6614835.0 -2968.5887336730957 
5905190.0 4290.39702796936 
5891243.0 4309.225845336914 
6610653.0 -2605.2474040985107 
6584915.0 -2431.2390336990356 
6827709.0 -4051.713932991028 
6819099.0 -3824.4603576660156 
6558458.0 -2000.4103021621704 
6405367.0 -1587.931224822998 
6396476.0 -1407.8443212509155 
6564002.0 -2119.0775356292725 
6569250.0 -2194.8813495635986 
6573311.0 -2294.8917932510376 
6934178.0 -5249.503924369812 
6978208.0 -5328.988372802734 
6854972.0 -4914.923767089844 
7013503.0 -5421.17641544342 
6934891.0 -5272.442387580872 
6017124.0 1154.9141864776611 
6014475.0 1331.2911252975464 
7095902.0 -6198.555546760559 
6543484.0 -1706.4321594238281 
6627513.0 -3530.494788169861 
6627932.0 -3557.982032775879 
6148498.0 647.6258306503296 
6143637.0 1086.2047882080078 
5947067.0 3033.3036890029907 
5935402.0 3286.23685836792 
5931159.0 3493.9922943115234 
5958690.0 2289.500739097595 
6344029.0 -861.8995418548584 
6294877.0 -636.5913419723511 
6337100.0 -755.1351070404053 
6305719.0 -642.3451509475708 
6349543.0 -1063.0231552124023 
6290730.0 -524.4651823043823 
6360706.0 -1084.4329681396484 
6371999.0 -1352.9076566696167 
6270569.0 -253.4633913040161 
6256391.0 -220.17098236083984 
6248153.0 37.22885799407959 
6011551.0 1925.5791940689087 
6005505.0 2048.0505571365356 
6234591.0 562.4144163131714 
6247824.0 315.93171310424805 
5896887.0 4501.818680763245 
7124963.0 -6085.249983787537 
6630293.0 -3492.310173034668 
6792295.0 -3500.6373987197876 
6956781.0 -4900.555207252502 
6330568.0 -565.0068588256836 
6434557.0 -1585.9206638336182 
6846206.0 -3889.1036281585693 
6860792.0 -4889.023602485657 
6579269.0 -1956.2000408172607 
5972403.0 2445.1639013290405 
6627329.0 -2474.2937898635864 
5951067.0 3183.754822731018 
5934567.0 3781.811453819275 
7084417.0 -5071.110631942749 
6375899.0 -1299.698938369751 
6021421.0 1981.9615001678467 
6148681.0 1148.060326576233 
6227143.0 696.7241296768188 
6042048.0 1232.491665840149 
