7104873.0 -86071.07225802913 
7274984.0 -87229.15272137523 
7290126.0 -88069.28165111691 
6118761.0 -76765.68446604535 
7119425.0 -86783.48351780325 
7340448.0 -88243.22441773862 
7956659.0 -89360.76998902392 
6636191.0 -84137.63478183001 
7243761.0 -87040.92120863288 
6584354.0 -83906.33027076535 
6381449.0 -81577.72429757565 
6553022.0 -82613.8935924843 
7960052.0 -89648.30991139542 
6384704.0 -82011.25953213125 
6666639.0 -84951.25521884114 
7087931.0 -86062.77066767216 
7871069.0 -88405.93972624466 
7874215.0 -88487.64322595298 
6187641.0 -78238.4600879848 
6729231.0 -85241.79243131727 
7108686.0 -86098.0210678745 
6113593.0 -76064.45039210469 
6317343.0 -80691.54545496032 
6116825.0 -76504.67772649601 
6426019.0 -82552.95306135528 
6214485.0 -79543.99648528185 
6127720.0 -78072.93178052024 
6124219.0 -77005.57908488624 
6881864.0 -86018.49345088191 
8023142.0 -89649.88214893173 
7346522.0 -88319.64349295944 
7302864.0 -87651.88893023878 
7304134.0 -88065.97835610062 
7294068.0 -87100.60620680451 
6120411.0 -76663.26057736203 
7179267.0 -86753.15185113996 
7127890.0 -86664.30879330076 
7254720.0 -87015.58540858701 
7247959.0 -86974.49271840602 
6635000.0 -83730.78691304848 
6663432.0 -83811.5207374394 
6586879.0 -83657.48676925711 
6389359.0 -81075.32314343564 
6414563.0 -81868.27676786482 
6708485.0 -84792.30915681273 
7103235.0 -86023.39335361123 
7884373.0 -88417.18312532268 
6199135.0 -78092.67306371033 
6774344.0 -84982.07797720283 
6869725.0 -85201.23413556069 
6766455.0 -84907.10354255885 
6334234.0 -80005.39869524539 
6385836.0 -80671.1220349595 
6333565.0 -79933.03650088236 
6366682.0 -80118.94314866513 
6517994.0 -82476.26966504008 
6506718.0 -81927.39162619412 
6214657.0 -78887.89490255341 
6308503.0 -79161.80373677239 
6254754.0 -79021.35899892822 
6330577.0 -79206.81361172348 
6290278.0 -79059.58173054084 
6139758.0 -77786.2433914952 
6127906.0 -77106.0176717192 
6137524.0 -77475.13616564497 
6124547.0 -76991.23094072519 
6887242.0 -85981.68848087406 
8435469.0 -89147.13634167612 
8641588.0 -89358.02599265147 
8415537.0 -88589.86854728311 
7883172.0 -88122.70903935842 
6120761.0 -71805.82714813575 
8516983.0 -89055.59871943668 
7909516.0 -88291.93801972084 
6124156.0 -75878.69443424372 
7377566.0 -87970.36884471029 
8025588.0 -88307.37070430815 
8436993.0 -88907.8790968582 
6715915.0 -84776.36031974107 
6901349.0 -85401.92901135236 
6667716.0 -83801.57805135101 
6601019.0 -83594.73640141636 
7061709.0 -85807.86555301398 
6327957.0 -79104.50695516332 
6124865.0 -76758.6161407642 
6595399.0 -82340.12426299602 
6398832.0 -80050.8954317728 
6994585.0 -85722.11513384571 
6421335.0 -81270.57711667381 
7333563.0 -87560.88700858131 
6413722.0 -80108.10990240984 
7135640.0 -86516.29114716873 
6525617.0 -81685.70430997945 
6548743.0 -82330.86355692893 
6150011.0 -77365.07400812581 
6251487.0 -78830.8325987868 
7196542.0 -86585.10269373283 
6487789.0 -81523.17994597554 
6232724.0 -78489.18752913177 
6311847.0 -78970.02003667504 
