5996471.0 690.7656879425049 
7079120.0 -6508.171870231628 
6053394.0 671.4657115936279 
6054539.0 613.7195692062378 
5957658.0 2187.3767890930176 
6835513.0 -5836.539625167847 
6544759.0 -3062.6495962142944 
6875705.0 -6470.481049537659 
6265236.0 -1522.5491170883179 
6331081.0 -1784.5509214401245 
6554173.0 -3800.8835668563843 
6804715.0 -4955.454887390137 
6809073.0 -5630.487596511841 
6454937.0 -2395.219530105591 
5768854.0 3705.922830581665 
5975830.0 1199.3405170440674 
6401208.0 -1918.8848714828491 
6188412.0 -340.82909870147705 
5749976.0 4843.55407333374 
5835929.0 2417.0852603912354 
6196126.0 -681.0150022506714 
6837954.0 -6188.729655265808 
5857701.0 2300.349130630493 
6807046.0 -5087.97873210907 
5958843.0 1534.0417203903198 
6565147.0 -4275.645926475525 
5989952.0 1152.9955282211304 
6469249.0 -2533.236159324646 
6852064.0 -6443.40944480896 
5829255.0 3542.500599861145 
6054871.0 -297.2590560913086 
6018987.0 1144.096881866455 
6035275.0 1103.723484992981 
5958690.0 2289.500739097595 
6553370.0 -3051.528818130493 
6271899.0 -1369.0429315567017 
6370011.0 -1756.0106506347656 
6343853.0 -1750.1899404525757 
6827405.0 -5515.812684059143 
5778301.0 4216.628395080566 
5773994.0 5132.218140602112 
6226343.0 -427.39820194244385 
6850295.0 -5899.925430297852 
5923198.0 2709.979437828064 
5899085.0 3005.319776535034 
5866026.0 3440.8981761932373 
5916105.0 2889.4075269699097 
5869601.0 3159.70991897583 
6811943.0 -5044.8422956466675 
5960469.0 1942.955228805542 
5973619.0 1683.8019304275513 
6787744.0 -4084.895791053772 
6798096.0 -4085.3791360855103 
6692623.0 -4034.4152135849 
6611424.0 -3951.653715133667 
6598530.0 -3556.2903089523315 
6594518.0 -3221.193655014038 
5996413.0 1198.934687614441 
6017124.0 1154.9141864776611 
6531033.0 -2259.4665756225586 
6496391.0 -2221.3039903640747 
7056154.0 -6279.736327171326 
7087825.0 -6320.4446849823 
7031587.0 -6162.943815231323 
6987717.0 -6127.2670640945435 
6877115.0 -6065.518870353699 
5832093.0 4066.772647857666 
6080967.0 -58.232951164245605 
6142896.0 -189.37097358703613 
6157412.0 -255.87944316864014 
6062345.0 1067.9397344589233 
5810348.0 4427.37788105011 
7083352.0 -6223.644101142883 
6930062.0 -5722.966611862183 
6090089.0 434.33898735046387 
6558717.0 -2932.222236633301 
6358693.0 -1683.2736902236938 
7055485.0 -6069.801727294922 
6014475.0 1331.2911252975464 
6841343.0 -5453.939092636108 
6238730.0 -254.36267948150635 
6480104.0 -1711.5087566375732 
6611775.0 -3694.266092300415 
6812975.0 -4234.8886461257935 
5979937.0 1822.8478078842163 
6830630.0 -4974.121541976929 
6282571.0 -767.8202438354492 
5969328.0 2540.873917579651 
5895080.0 3187.6093950271606 
6724720.0 -3933.9663972854614 
5942961.0 2900.9521350860596 
5870091.0 3667.3409671783447 
6626754.0 -3847.2196865081787 
6554893.0 -2291.673056602478 
6774672.0 -3962.9935235977173 
6180543.0 -50.59576606750488 
6307655.0 -1279.2364950180054 
5857125.0 4097.483727455139 
6012493.0 1445.0538845062256 
6511575.0 -1934.1581993103027 
