7290126.0 -88069.28165111691 
7119425.0 -86783.48351780325 
7340448.0 -88243.22441773862 
7956659.0 -89360.76998902392 
6381449.0 -81577.72429757565 
7960052.0 -89648.30991139542 
6384704.0 -82011.25953213125 
6729231.0 -85241.79243131727 
6214485.0 -79543.99648528185 
6127720.0 -78072.93178052024 
6881864.0 -86018.49345088191 
8023142.0 -89649.88214893173 
7346522.0 -88319.64349295944 
7295400.0 -88103.11275050044 
6210123.0 -79508.73672638834 
7802392.0 -88461.1366549274 
7948376.0 -88745.10365328193 
6851445.0 -85421.23342568614 
7087888.0 -86536.38024885207 
7809440.0 -88644.96519802324 
7123048.0 -87202.17017895728 
6089350.0 -76581.0952181482 
6209973.0 -79331.45235790312 
6550922.0 -84792.89394655824 
6433019.0 -84030.72468199953 
6643260.0 -85189.14300211892 
6235199.0 -80766.36576290429 
6406827.0 -83264.80175559223 
6162649.0 -78882.58568675444 
6218358.0 -80278.65514087677 
6934811.0 -86021.10846996075 
6096923.0 -77217.42277747393 
6488937.0 -84526.5580586344 
7144987.0 -87540.20019437745 
6375863.0 -81069.25023943931 
7777567.0 -88439.51044367533 
7291510.0 -88052.25721429288 
7121072.0 -86744.17410489172 
7967075.0 -88933.68384055793 
7978818.0 -89368.4520841781 
6389359.0 -81075.32314343564 
6403764.0 -81860.12406511232 
6398651.0 -81393.07421587594 
6767500.0 -85216.99244651943 
6139758.0 -77786.2433914952 
6137524.0 -77475.13616564497 
6887242.0 -85981.68848087406 
7304134.0 -88065.97835610062 
7413549.0 -88081.12741553783 
6214030.0 -79369.4230675064 
7104873.0 -86071.07225802913 
7087931.0 -86062.77066767216 
7108686.0 -86098.0210678745 
7874215.0 -88487.64322595298 
7919284.0 -88519.46626535617 
7953123.0 -88639.06943204161 
6095069.0 -76362.41446135938 
6487037.0 -83414.54250270524 
6444066.0 -83354.53848680854 
6666639.0 -84951.25521884114 
6317343.0 -80691.54545496032 
6426019.0 -82552.95306135528 
6419595.0 -82382.75881583616 
6414563.0 -81868.27676786482 
6443139.0 -82654.148061499 
6187641.0 -78238.4600879848 
6191360.0 -78490.14468155801 
6173910.0 -78120.56777643412 
6218746.0 -79472.38319666323 
6251965.0 -79649.77217631042 
6278631.0 -80219.66188666224 
6124219.0 -77005.57908488624 
6127906.0 -77106.0176717192 
6115407.0 -76847.7818980962 
6584354.0 -83906.33027076535 
6529510.0 -83525.76061166823 
6599300.0 -84274.6545651108 
7274984.0 -87229.15272137523 
7289503.0 -87539.07939277752 
7243761.0 -87040.92120863288 
7179267.0 -86753.15185113996 
7245184.0 -87149.34905317216 
7779315.0 -88085.8254789291 
7871069.0 -88405.93972624466 
7843047.0 -88189.92111234646 
8641588.0 -89358.02599265147 
6095626.0 -76169.88723643124 
7974938.0 -88898.60058206599 
7377566.0 -87970.36884471029 
7999876.0 -89321.93718020152 
7186570.0 -86016.85745033994 
6437858.0 -81846.04370744526 
6413675.0 -80943.35980676673 
6297877.0 -80130.54929061327 
6118761.0 -76765.68446604535 
6958181.0 -85678.9738834328 
6195466.0 -78103.10393578501 
6510827.0 -83068.585735264 
6636191.0 -84137.63478183001 
6270106.0 -79287.71186511964 
