5996471.0 690.7656879425049 
6054539.0 613.7195692062378 
6265236.0 -1522.5491170883179 
5835929.0 2417.0852603912354 
5857701.0 2300.349130630493 
6565147.0 -4275.645926475525 
6054871.0 -297.2590560913086 
6013474.0 662.4915466308594 
6401543.0 -2599.8980531692505 
6786422.0 -7089.533173561096 
6598746.0 -4881.883364677429 
6326472.0 -2025.7365856170654 
5913054.0 1770.7667322158813 
5760072.0 2986.3100242614746 
5683597.0 4204.268486022949 
6585075.0 -4333.2983322143555 
5804821.0 2971.3208017349243 
6412877.0 -3581.610326766968 
5716109.0 3633.7979650497437 
6129205.0 -892.0905647277832 
6466741.0 -4240.0122423172 
5966867.0 745.0559854507446 
6178474.0 -1138.1705179214478 
5913862.0 1231.3234272003174 
6770509.0 -4982.744939804077 
5741857.0 3323.780019760132 
6361837.0 -2041.077865600586 
5824057.0 2892.9063577651978 
6557059.0 -4249.214086532593 
5879754.0 1929.828119277954 
5715325.0 4195.413221359253 
6271899.0 -1369.0429315567017 
6268212.0 -1153.6145811080933 
6297956.0 -1420.811022758484 
5849505.0 2786.679769515991 
5877456.0 2596.5535926818848 
6080967.0 -58.232951164245605 
6108694.0 -211.0191526412964 
6075129.0 -23.68398380279541 
6068273.0 485.6940908432007 
6053394.0 671.4657115936279 
6407545.0 -2142.650115966797 
6875705.0 -6470.481049537659 
6831832.0 -6464.292823791504 
6884004.0 -6950.550120353699 
6790470.0 -5546.688210487366 
6806583.0 -5832.635909080505 
6825152.0 -6392.410376548767 
6678380.0 -4647.932473182678 
6744845.0 -4873.858245849609 
6331081.0 -1784.5509214401245 
5775653.0 3321.3609924316406 
5704563.0 4562.796840667725 
6656059.0 -4251.565179824829 
5817857.0 3189.2447061538696 
5820924.0 3033.6748390197754 
5821182.0 2992.1623191833496 
6425475.0 -2252.388624191284 
6436490.0 -3397.594433784485 
6466688.0 -3564.759702682495 
6436423.0 -3204.222272872925 
5723172.0 3910.7859563827515 
6170257.0 -858.4719638824463 
6142263.0 -305.88385581970215 
6537620.0 -4233.220717430115 
6490789.0 -4129.788725852966 
5975830.0 1199.3405170440674 
5989952.0 1152.9955282211304 
6018987.0 1144.096881866455 
6030536.0 881.3067150115967 
6187593.0 -889.2397480010986 
5958843.0 1534.0417203903198 
5921996.0 1838.7519607543945 
5939571.0 1772.5332164764404 
6784780.0 -4968.591482162476 
5752036.0 3530.4512977600098 
5749603.0 3660.3798818588257 
6371508.0 -1920.4549198150635 
5893897.0 2072.450521469116 
5907739.0 2034.0438709259033 
5888240.0 2155.0457077026367 
5885887.0 2295.1572303771973 
5915741.0 2007.6431875228882 
7079120.0 -6508.171870231628 
5705208.0 4602.815933227539 
6411125.0 -1957.4962482452393 
6852064.0 -6443.40944480896 
6468345.0 -3223.1336250305176 
6513948.0 -4128.98251247406 
6639727.0 -4178.205744743347 
6765566.0 -4620.13258266449 
6293905.0 -1195.6859531402588 
6196524.0 -635.8847398757935 
5988333.0 1274.1508331298828 
6038698.0 885.9101667404175 
6809073.0 -5630.487596511841 
5731380.0 4229.236499786377 
6730837.0 -4327.320218086243 
5952761.0 1882.1722259521484 
6090089.0 434.33898735046387 
