6265236.0 -1522.5491170883179 
5835929.0 2417.0852603912354 
5857701.0 2300.349130630493 
6054871.0 -297.2590560913086 
6401543.0 -2599.8980531692505 
6786422.0 -7089.533173561096 
6598746.0 -4881.883364677429 
6326472.0 -2025.7365856170654 
5760072.0 2986.3100242614746 
5683597.0 4204.268486022949 
6585075.0 -4333.2983322143555 
6412877.0 -3581.610326766968 
6129205.0 -892.0905647277832 
6466741.0 -4240.0122423172 
5966867.0 745.0559854507446 
6178474.0 -1138.1705179214478 
5913862.0 1231.3234272003174 
6361837.0 -2041.077865600586 
6066697.0 -354.0145378112793 
5736755.0 3227.9174795150757 
5978510.0 -54.80931091308594 
6262665.0 -1361.7071332931519 
6920566.0 -7741.150145530701 
6381889.0 -2422.5040321350098 
5991750.0 -270.21102142333984 
6689843.0 -5577.8995571136475 
5714323.0 3565.995933532715 
5795502.0 2626.2403926849365 
6408285.0 -2683.592558860779 
6500803.0 -4304.031273841858 
5859568.0 1531.3264083862305 
5748941.0 3186.1388959884644 
6418318.0 -3921.885865211487 
6271899.0 -1369.0429315567017 
6297956.0 -1420.811022758484 
6284595.0 -1393.9738502502441 
6796963.0 -7011.963768959045 
6678380.0 -4647.932473182678 
6638508.0 -4387.193077087402 
6331081.0 -1784.5509214401245 
5778921.0 2998.291834831238 
5704563.0 4562.796840667725 
6170257.0 -858.4719638824463 
6490789.0 -4129.788725852966 
5975830.0 1199.3405170440674 
6187593.0 -889.2397480010986 
6258151.0 -1120.8733587265015 
5960344.0 1309.3127727508545 
5943995.0 1475.193359375 
6371508.0 -1920.4549198150635 
6142263.0 -305.88385581970215 
5741857.0 3323.780019760132 
5979615.0 1051.8799800872803 
6268212.0 -1153.6145811080933 
6407545.0 -2142.650115966797 
6022707.0 -129.33824253082275 
5996471.0 690.7656879425049 
6013474.0 662.4915466308594 
6089888.0 -219.62872886657715 
6790470.0 -5546.688210487366 
6690448.0 -5267.905526161194 
5716109.0 3633.7979650497437 
5715325.0 4195.413221359253 
5714925.0 4266.697601318359 
5804821.0 2971.3208017349243 
5824057.0 2892.9063577651978 
5847234.0 2684.502600669861 
6411725.0 -2212.7035064697266 
6412125.0 -2563.423846244812 
6565147.0 -4275.645926475525 
6557059.0 -4249.214086532593 
6537620.0 -4233.220717430115 
6547828.0 -4245.331604003906 
5864780.0 1815.4569091796875 
5892148.0 1549.879942893982 
5775653.0 3321.3609924316406 
6430558.0 -3874.497712135315 
6884004.0 -6950.550120353699 
5705208.0 4602.815933227539 
6801086.0 -6542.167447090149 
6696102.0 -4532.11146736145 
6513948.0 -4128.98251247406 
6737588.0 -5059.823539733887 
6108694.0 -211.0191526412964 
6431124.0 -2295.744132041931 
6211420.0 -788.9383935928345 
6392301.0 -1914.437985420227 
5958843.0 1534.0417203903198 
5868677.0 2001.4831256866455 
6173719.0 -613.4780988693237 
6326322.0 -838.5165424346924 
5724014.0 4098.373388290405 
6027130.0 1234.0848865509033 
6461972.0 -3781.5223598480225 
5849505.0 2786.679769515991 
5752036.0 3530.4512977600098 
5913054.0 1770.7667322158813 
6353499.0 -1344.650710105896 
6096697.0 505.22813510894775 
6436423.0 -3204.222272872925 
