6054871.0 -297.2590560913086 
6786422.0 -7089.533173561096 
6598746.0 -4881.883364677429 
6326472.0 -2025.7365856170654 
5683597.0 4204.268486022949 
6585075.0 -4333.2983322143555 
6412877.0 -3581.610326766968 
6466741.0 -4240.0122423172 
6361837.0 -2041.077865600586 
6066697.0 -354.0145378112793 
5736755.0 3227.9174795150757 
5978510.0 -54.80931091308594 
6920566.0 -7741.150145530701 
5991750.0 -270.21102142333984 
6689843.0 -5577.8995571136475 
5714323.0 3565.995933532715 
6500803.0 -4304.031273841858 
5859568.0 1531.3264083862305 
6418318.0 -3921.885865211487 
6775806.0 -5755.4927587509155 
6178016.0 -1596.9360847473145 
6373055.0 -3177.839943885803 
5957938.0 264.4839458465576 
5887604.0 792.2843685150146 
6785210.0 -6152.0393352508545 
6459529.0 -4069.1589641571045 
6094119.0 -1225.4600257873535 
5862464.0 919.3135986328125 
6073037.0 -819.0863361358643 
6132343.0 -1530.9338779449463 
6780630.0 -5908.065697669983 
5737067.0 1808.6746501922607 
5922538.0 464.3532238006592 
6829300.0 -7201.961281776428 
6796963.0 -7011.963768959045 
6789329.0 -6301.190258979797 
6678380.0 -4647.932473182678 
6630086.0 -4397.955722808838 
6602185.0 -4360.484211921692 
6331081.0 -1784.5509214401245 
5704563.0 4562.796840667725 
6490789.0 -4129.788725852966 
6371508.0 -1920.4549198150635 
7030848.0 -7517.891876220703 
6022707.0 -129.33824253082275 
6690448.0 -5267.905526161194 
6704778.0 -5333.420102119446 
5716109.0 3633.7979650497437 
5715325.0 4195.413221359253 
5714925.0 4266.697601318359 
6565147.0 -4275.645926475525 
6557059.0 -4249.214086532593 
6537620.0 -4233.220717430115 
6547828.0 -4245.331604003906 
6430558.0 -3874.497712135315 
6429681.0 -3658.293014526367 
6446526.0 -3912.0828285217285 
6276681.0 -1545.1002321243286 
6401543.0 -2599.8980531692505 
6381889.0 -2422.5040321350098 
6408285.0 -2683.592558860779 
6396075.0 -2511.831925392151 
5975702.0 446.29371547698975 
6006091.0 366.7588634490967 
6129205.0 -892.0905647277832 
5892148.0 1549.879942893982 
5904890.0 1121.660517692566 
6089888.0 -219.62872886657715 
6265236.0 -1522.5491170883179 
6262665.0 -1361.7071332931519 
6178474.0 -1138.1705179214478 
6238781.0 -1162.3582792282104 
6176729.0 -935.8117094039917 
6785136.0 -5531.700177192688 
5857701.0 2300.349130630493 
5795502.0 2626.2403926849365 
5748941.0 3186.1388959884644 
5800095.0 2322.8894329071045 
5741857.0 3323.780019760132 
5864780.0 1815.4569091796875 
5756968.0 2980.419729232788 
5798655.0 2375.490662574768 
5966867.0 745.0559854507446 
5961613.0 790.5360174179077 
5957785.0 1030.8857641220093 
6983361.0 -7114.877876281738 
6884004.0 -6950.550120353699 
5704896.0 4698.268748283386 
5766968.0 3054.2002868652344 
5907396.0 1163.7113618850708 
6392301.0 -1914.437985420227 
6297956.0 -1420.811022758484 
6697468.0 -5208.7006368637085 
5718325.0 3943.527551651001 
6192206.0 -1129.8444080352783 
6638508.0 -4387.193077087402 
6513948.0 -4128.98251247406 
6141210.0 -783.0332698822021 
6434647.0 -2835.875008583069 
6483162.0 -3356.8514041900635 
