8577421.0 13885.423604011536 
8855045.0 10662.949957847595 
8881640.0 8595.643149375916 
8653258.0 12538.943822860718 
8488804.0 14445.385422706604 
8477954.0 16847.75058364868 
8779323.0 10970.653574943542 
8625065.0 14233.406234741211 
8871206.0 10825.84580898285 
8992262.0 8840.912867546082 
8726870.0 13549.377681732178 
8674637.0 14134.884083747864 
8599294.0 14447.223729133606 
8586248.0 17369.082397460938 
8556536.0 19104.565709114075 
8831855.0 12075.076293945312 
8811530.0 13160.806183815002 
8783822.0 13264.818891525269 
8821741.0 12693.380373001099 
8906882.0 11251.837336540222 
8900614.0 12073.28685092926 
9078235.0 10731.855916976929 
9663397.0 9101.707374572754 
9511814.0 9948.25929069519 
9563606.0 9647.67201423645 
9004152.0 11046.331915855408 
9438436.0 10648.442199707031 
9568085.0 9439.29485797882 
9135446.0 10685.978368759155 
9450937.0 10007.879120826721 
8751372.0 13569.89132976532 
8720217.0 14140.066886901855 
8602181.0 16934.530727386475 
8621761.0 14901.826147079468 
8614567.0 15165.28582572937 
8694184.0 14532.363087654114 
8604395.0 16285.096920013428 
8869787.0 12673.998302459717 
8884769.0 12511.258642196655 
8823726.0 12771.296559333801 
8962520.0 11528.913807868958 
8928283.0 11975.30006980896 
8918140.0 12251.071369171143 
9094597.0 10895.635078430176 
9703486.0 9254.855170249939 
9057339.0 11335.402574539185 
9045684.0 11337.8676404953 
9399779.0 10735.295984268188 
9362672.0 10762.206851959229 
9488849.0 10511.452156066895 
9461173.0 10690.786542892456 
9533369.0 10379.28841304779 
9604160.0 10207.617890357971 
8767899.0 13801.993208885193 
8805729.0 13669.644318580627 
8731502.0 14238.349213600159 
8630963.0 15032.65803527832 
8622201.0 15722.883158683777 
8718861.0 14665.6203622818 
8605561.0 16285.198760032654 
8894515.0 12602.633551597595 
8886793.0 12806.897706985474 
8870779.0 12963.519450187683 
8825539.0 13102.79782962799 
9045421.0 11607.734798431396 
8984774.0 11673.120186805725 
8934395.0 12332.303911209106 
9229059.0 11232.624274253845 
9712895.0 10067.033732414246 
9070160.0 11488.713495254517 
9407941.0 10811.09877204895 
9472290.0 10803.988256454468 
9676364.0 10615.341859817505 
9694182.0 10239.303795814514 
9693285.0 10413.351141929626 
8783646.0 13981.999970436096 
8817050.0 13877.173257827759 
8744277.0 14401.627430915833 
8770966.0 14253.935720443726 
8641585.0 15548.471927642822 
8712585.0 15281.697134971619 
8651782.0 15527.368056297302 
8634418.0 15878.324982643127 
8722626.0 14689.890851974487 
8733395.0 14688.813417434692 
8622154.0 18799.35815525055 
8627876.0 17057.7968044281 
8627724.0 17179.428192138672 
8633030.0 16760.754697799683 
8895924.0 12798.93759727478 
8914648.0 12777.689831733704 
8856486.0 13122.936094284058 
8850906.0 13289.166010856628 
9565858.0 10807.709206581116 
8636363.0 16831.02362537384 
9387935.0 11385.636219978333 
9023148.0 11820.148260116577 
9477948.0 10923.944578170776 
9229991.0 11408.119142532349 
8743448.0 14711.507090568542 
