7290126.0 -88069.28165111691 
7960052.0 -89648.30991139542 
8023142.0 -89649.88214893173 
7295400.0 -88103.11275050044 
7123048.0 -87202.17017895728 
6550922.0 -84792.89394655824 
6488937.0 -84526.5580586344 
7335214.0 -88534.04386958992 
7099238.0 -86908.19397155289 
6473950.0 -84464.41419325769 
8024802.0 -90256.93926107883 
7905434.0 -88949.2120180307 
7142507.0 -87787.6484445855 
7104065.0 -87128.95395391434 
6559804.0 -84809.82663781941 
6968854.0 -86849.78354267543 
6132710.0 -80590.29109318554 
6124842.0 -79258.28568561375 
7315948.0 -88193.33551213518 
6385125.0 -84073.40360595658 
6922165.0 -86657.85846905923 
6433080.0 -84377.24534100294 
7449864.0 -88837.74284811318 
7953339.0 -89367.60936635267 
7244049.0 -88032.87552905828 
6248474.0 -81870.80878963321 
6473242.0 -84408.4619355984 
6287162.0 -82367.12104422599 
6136248.0 -81030.51440040208 
6704182.0 -86264.0177549459 
6231790.0 -81505.50544980168 
6059458.0 -78749.64572228491 
5978217.0 -75329.53884314932 
6177377.0 -81384.23986876011 
6379315.0 -82678.90667684376 
5874108.0 -74620.74725387432 
6624239.0 -85650.49461580906 
6576159.0 -85012.63251328468 
7409479.0 -88640.85265456513 
6051861.0 -78091.0513565559 
6912278.0 -86318.47682584403 
5991066.0 -76873.91461396217 
7934987.0 -89290.4882843811 
8064293.0 -90716.66646938026 
6131989.0 -79763.31191729009 
6035511.0 -77746.52906915545 
7137030.0 -87332.4619159326 
6917921.0 -86591.05738058081 
6131086.0 -79475.40293595195 
8039633.0 -90185.71318002045 
5977207.0 -69411.13618597575 
5999342.0 -76493.45834816992 
7789093.0 -88669.46626071166 
7406843.0 -88495.54158678651 
6140043.0 -80852.26469056308 
6131812.0 -79037.71674065292 
7912010.0 -88806.22109481879 
6406827.0 -83264.80175559223 
6396907.0 -82275.71324523818 
6208157.0 -81346.1497733146 
6742703.0 -85992.42775733769 
6054073.0 -76669.50060460716 
7163400.0 -87755.50505327433 
6327491.0 -82093.6236904338 
7291510.0 -88052.25721429288 
6972659.0 -86704.23406958347 
6881864.0 -86018.49345088191 
6509928.0 -84481.85213647038 
8024777.0 -89553.14496773016 
6054201.0 -77744.69161173701 
7087103.0 -86803.13071674854 
6671573.0 -85551.55467537139 
6285868.0 -81630.44045445323 
6421310.0 -84047.62304453552 
6716058.0 -85848.07163816318 
7113550.0 -87088.61810107902 
6253932.0 -81619.00653009117 
6482870.0 -84073.48856559396 
6636524.0 -85271.66129632387 
7943022.0 -89157.56994894333 
6572257.0 -84683.0406308882 
6926580.0 -86310.6928673219 
7144987.0 -87540.20019437745 
6121755.0 -78334.51213895157 
6629265.0 -84938.20074529946 
6065648.0 -78330.22722373158 
7960515.0 -89499.80432974733 
6890272.0 -86092.91018988192 
6061586.0 -78055.865455091 
7304134.0 -88065.97835610062 
7340448.0 -88243.22441773862 
6583061.0 -84910.9185320139 
6447823.0 -84064.02072640136 
6127628.0 -78633.99783551134 
7372476.0 -88407.82598911226 
7099745.0 -86885.59307309985 
7956659.0 -89360.76998902392 
6942626.0 -86536.6291751354 
6943249.0 -86647.87679925328 
6129912.0 -78883.36492425203 
