7960052.0 -89648.30991139542 
7335214.0 -88534.04386958992 
8024802.0 -90256.93926107883 
7905434.0 -88949.2120180307 
7142507.0 -87787.6484445855 
6132710.0 -80590.29109318554 
6385125.0 -84073.40360595658 
6433080.0 -84377.24534100294 
7449864.0 -88837.74284811318 
7953339.0 -89367.60936635267 
6248474.0 -81870.80878963321 
6136248.0 -81030.51440040208 
6704182.0 -86264.0177549459 
5874108.0 -74620.74725387432 
6624239.0 -85650.49461580906 
7409479.0 -88640.85265456513 
7934987.0 -89290.4882843811 
8064293.0 -90716.66646938026 
7325863.0 -88330.4416610375 
6177051.0 -81801.04437470064 
6046305.0 -79179.26618385315 
7204380.0 -88292.27232125401 
6108619.0 -80365.775192976 
6791182.0 -87117.23687280715 
6350938.0 -82934.26475666091 
5949190.0 -77658.74832470343 
5940410.0 -75415.57118454576 
5999133.0 -78581.17938374169 
6435269.0 -85337.17696802784 
6271287.0 -82921.97933094762 
8015209.0 -90116.5480978936 
6170165.0 -81092.05629699677 
7178613.0 -88237.27624673396 
5922373.0 -75379.81911597587 
7072168.0 -87468.58623857796 
7960515.0 -89499.80432974733 
7406843.0 -88495.54158678651 
7372476.0 -88407.82598911226 
8039633.0 -90185.71318002045 
8055041.0 -90192.39980278909 
7163400.0 -87755.50505327433 
7144987.0 -87540.20019437745 
6406827.0 -83264.80175559223 
6421310.0 -84047.62304453552 
6401745.0 -83191.78586398996 
7912010.0 -88806.22109481879 
7451473.0 -88694.34784318507 
7956659.0 -89360.76998902392 
6140043.0 -80852.26469056308 
6138685.0 -80637.64276013523 
6742703.0 -85992.42775733769 
6716058.0 -85848.07163816318 
6735156.0 -85903.11964342091 
6667958.0 -85627.37953205034 
7943022.0 -89157.56994894333 
6231790.0 -81505.50544980168 
6177377.0 -81384.23986876011 
6253932.0 -81619.00653009117 
6048557.0 -78925.72116246587 
6107147.0 -79065.26450818777 
7340448.0 -88243.22441773862 
6131989.0 -79763.31191729009 
6108950.0 -79577.70703423023 
6968854.0 -86849.78354267543 
6922165.0 -86657.85846905923 
6912278.0 -86318.47682584403 
6917921.0 -86591.05738058081 
6881864.0 -86018.49345088191 
6890272.0 -86092.91018988192 
6382046.0 -82926.76613242924 
5991066.0 -76873.91461396217 
5998107.0 -77306.56721050479 
5968075.0 -75956.64659889974 
6035511.0 -77746.52906915545 
6550922.0 -84792.89394655824 
6488937.0 -84526.5580586344 
6473950.0 -84464.41419325769 
6559804.0 -84809.82663781941 
6473242.0 -84408.4619355984 
6436906.0 -84183.68820109218 
6629784.0 -85322.15639616642 
6566250.0 -85053.78485233337 
6287162.0 -82367.12104422599 
6285443.0 -82162.67206654698 
6379315.0 -82678.90667684376 
6313095.0 -82450.48025648855 
8023142.0 -89649.88214893173 
7290126.0 -88069.28165111691 
7295400.0 -88103.11275050044 
7315948.0 -88193.33551213518 
7244049.0 -88032.87552905828 
7211655.0 -87950.51995732263 
5947622.0 -73766.30395483412 
5940734.0 -73343.65033446066 
7137030.0 -87332.4619159326 
7087117.0 -87308.07449792325 
8024777.0 -89553.14496773016 
5949731.0 -72526.17132544518 
6471197.0 -80988.17208487168 
6671573.0 -85551.55467537139 
