6786422.0 -7089.533173561096 
5683597.0 4204.268486022949 
6500803.0 -4304.031273841858 
6178016.0 -1596.9360847473145 
6132343.0 -1530.9338779449463 
6829300.0 -7201.961281776428 
5676268.0 4292.190957069397 
6840755.0 -7386.950930595398 
6617544.0 -5206.284193992615 
6202566.0 -1837.9860954284668 
6513444.0 -4341.812984466553 
6123718.0 -1444.1533212661743 
6308307.0 -2860.5896348953247 
5717148.0 1717.5698890686035 
5660099.0 4727.004014015198 
5775019.0 326.5451908111572 
5818480.0 -6.813747406005859 
5704654.0 3706.0620069503784 
6640096.0 -5644.226136207581 
6909106.0 -7747.816955566406 
6414841.0 -4254.572045326233 
6413321.0 -4241.20929145813 
6844701.0 -7448.976186752319 
6250029.0 -2773.7542657852173 
5692316.0 4160.043965339661 
5911176.0 -1376.5227098464966 
6542293.0 -5164.858121871948 
5708025.0 3216.8919048309326 
5703728.0 3799.6429300308228 
5770642.0 1326.8301429748535 
6325417.0 -3873.0271005630493 
5708372.0 2366.4025621414185 
5744251.0 1591.446192741394 
6733512.0 -6502.105111122131 
5890700.0 -561.835789680481 
5652385.0 4902.205403327942 
6701547.0 -5770.9561195373535 
6796963.0 -7011.963768959045 
6805631.0 -7019.27178478241 
5687839.0 4210.04096031189 
6183911.0 -1429.7124738693237 
5737067.0 1808.6746501922607 
5718258.0 1907.3601741790771 
5839438.0 771.1601572036743 
5821732.0 799.5010643005371 
5841146.0 57.54402828216553 
6689843.0 -5577.8995571136475 
6920566.0 -7741.150145530701 
6466741.0 -4240.0122423172 
6418318.0 -3921.885865211487 
6459529.0 -4069.1589641571045 
6447320.0 -4067.3736543655396 
6880542.0 -7386.592442512512 
6857949.0 -7203.940955162048 
6293143.0 -2628.1018381118774 
6259347.0 -2469.82364654541 
6094119.0 -1225.4600257873535 
6082546.0 -1094.7729539871216 
6011434.0 -658.0576782226562 
6068618.0 -971.9581537246704 
5971233.0 -643.9078712463379 
6554665.0 -5019.12841129303 
6569128.0 -5069.171161651611 
6667362.0 -5082.3986921310425 
5785218.0 1547.6715669631958 
5791655.0 1390.9447050094604 
6352730.0 -3610.050142288208 
6328538.0 -2855.4535360336304 
5714323.0 3565.995933532715 
5715401.0 3504.007254600525 
5776183.0 1699.5443277359009 
5775622.0 1733.663917541504 
5780182.0 1597.9557285308838 
6785210.0 -6152.0393352508545 
6766630.0 -5870.566843032837 
6776692.0 -6056.780872344971 
6782805.0 -6073.614840507507 
6789329.0 -6301.190258979797 
5907786.0 -239.6024627685547 
5965931.0 -531.6921167373657 
5669533.0 5329.780967712402 
6750109.0 -5662.823937416077 
5689635.0 4664.458493232727 
6940777.0 -7720.421546936035 
5810917.0 1959.6506967544556 
6565147.0 -4275.645926475525 
5868937.0 341.6106824874878 
5733733.0 2715.89919090271 
6134800.0 -1187.0939378738403 
6660363.0 -5005.447585105896 
6003662.0 -520.2619247436523 
6282265.0 -2460.18372631073 
5723891.0 3910.1869287490845 
6827209.0 -6876.889283180237 
6890798.0 -7012.337103843689 
6276681.0 -1545.1002321243286 
6707879.0 -5502.402261734009 
6359029.0 -3193.937699317932 
6200129.0 -1372.6980304718018 
6475125.0 -3973.0506477355957 
