6786422.0 -7089.533173561096 
6829300.0 -7201.961281776428 
6840755.0 -7386.950930595398 
6617544.0 -5206.284193992615 
5717148.0 1717.5698890686035 
5660099.0 4727.004014015198 
5775019.0 326.5451908111572 
5704654.0 3706.0620069503784 
6640096.0 -5644.226136207581 
6909106.0 -7747.816955566406 
6414841.0 -4254.572045326233 
6413321.0 -4241.20929145813 
6844701.0 -7448.976186752319 
6250029.0 -2773.7542657852173 
6542293.0 -5164.858121871948 
5708025.0 3216.8919048309326 
6325417.0 -3873.0271005630493 
5708372.0 2366.4025621414185 
5744251.0 1591.446192741394 
6733512.0 -6502.105111122131 
5652385.0 4902.205403327942 
6701547.0 -5770.9561195373535 
6271623.0 -2979.8284463882446 
6449525.0 -5092.089907646179 
6727224.0 -5827.54080581665 
5752343.0 1282.5904054641724 
5669949.0 3707.3878593444824 
5867150.0 -569.084903717041 
5666624.0 3869.4156818389893 
5940860.0 -2377.5851106643677 
6394760.0 -4140.382427215576 
5793704.0 -112.79318809509277 
6308043.0 -3210.8214769363403 
5877538.0 -1694.7622680664062 
6796963.0 -7011.963768959045 
6805631.0 -7019.27178478241 
5737067.0 1808.6746501922607 
5718258.0 1907.3601741790771 
6689843.0 -5577.8995571136475 
6920566.0 -7741.150145530701 
6909157.0 -7546.368204116821 
6880542.0 -7386.592442512512 
6857949.0 -7203.940955162048 
6870079.0 -7208.617794036865 
6259347.0 -2469.82364654541 
6686378.0 -5138.281288146973 
6352730.0 -3610.050142288208 
6344996.0 -3408.6068267822266 
5714323.0 3565.995933532715 
5716939.0 2369.70902633667 
5714842.0 2937.4435710906982 
6785210.0 -6152.0393352508545 
6776692.0 -6056.780872344971 
6782805.0 -6073.614840507507 
6789329.0 -6301.190258979797 
6737870.0 -5938.970361709595 
6293143.0 -2628.1018381118774 
6303948.0 -2703.439538002014 
6466741.0 -4240.0122423172 
6554665.0 -5019.12841129303 
6569128.0 -5069.171161651611 
6667362.0 -5082.3986921310425 
6557592.0 -5034.335801124573 
6482883.0 -4456.456540107727 
6487311.0 -4543.507417678833 
6464929.0 -4211.221188545227 
6495444.0 -4859.17875957489 
6733419.0 -5644.566319465637 
5770642.0 1326.8301429748535 
5765799.0 1496.8457221984863 
5703728.0 3799.6429300308228 
5683597.0 4204.268486022949 
5676268.0 4292.190957069397 
5692316.0 4160.043965339661 
5669533.0 5329.780967712402 
5988605.0 -1975.6099109649658 
6418318.0 -3921.885865211487 
6447320.0 -4067.3736543655396 
6459529.0 -4069.1589641571045 
5818480.0 -6.813747406005859 
5801254.0 219.7463788986206 
5795816.0 1272.8187322616577 
5800097.0 985.8277072906494 
6308307.0 -2860.5896348953247 
5911176.0 -1376.5227098464966 
5899012.0 -1212.475887298584 
5890700.0 -561.835789680481 
5937121.0 -1483.1359024047852 
6940777.0 -7720.421546936035 
5677266.0 5060.691482543945 
5999285.0 -1917.0964107513428 
6312361.0 -2287.64066696167 
5769699.0 2100.3085193634033 
5939455.0 -1177.625756263733 
6748356.0 -5907.035598754883 
5715401.0 3504.007254600525 
6475125.0 -3973.0506477355957 
6843904.0 -6509.320912361145 
6683627.0 -5022.047319412231 
6356323.0 -3579.9350299835205 
