6786422.0 -7089.533173561096 
6829300.0 -7201.961281776428 
6840755.0 -7386.950930595398 
6617544.0 -5206.284193992615 
5775019.0 326.5451908111572 
6640096.0 -5644.226136207581 
6909106.0 -7747.816955566406 
6414841.0 -4254.572045326233 
6413321.0 -4241.20929145813 
6844701.0 -7448.976186752319 
6250029.0 -2773.7542657852173 
6542293.0 -5164.858121871948 
6325417.0 -3873.0271005630493 
6733512.0 -6502.105111122131 
6701547.0 -5770.9561195373535 
6449525.0 -5092.089907646179 
6727224.0 -5827.54080581665 
5752343.0 1282.5904054641724 
5867150.0 -569.084903717041 
5940860.0 -2377.5851106643677 
6394760.0 -4140.382427215576 
5793704.0 -112.79318809509277 
5877538.0 -1694.7622680664062 
5715822.0 1497.1329383850098 
5640488.0 2898.4131269454956 
6444023.0 -4271.536682128906 
5704543.0 1734.7723922729492 
6727581.0 -5899.402058601379 
5863378.0 -294.99744987487793 
6342160.0 -3889.014479637146 
6788698.0 -7177.895071029663 
5698265.0 2005.1123638153076 
5697453.0 2787.4287509918213 
6267083.0 -3314.8160247802734 
5780087.0 1198.7266159057617 
6689843.0 -5577.8995571136475 
6689354.0 -5201.464245796204 
6920566.0 -7741.150145530701 
6909157.0 -7546.368204116821 
6880542.0 -7386.592442512512 
6857949.0 -7203.940955162048 
6870079.0 -7208.617794036865 
6259347.0 -2469.82364654541 
6264910.0 -2489.3889770507812 
6576402.0 -5151.816648483276 
6341834.0 -3422.2445030212402 
6737870.0 -5938.970361709595 
6761959.0 -6081.815552711487 
6777411.0 -6317.288374900818 
6554665.0 -5019.12841129303 
6569128.0 -5069.171161651611 
6557592.0 -5034.335801124573 
6482883.0 -4456.456540107727 
6487311.0 -4543.507417678833 
6495444.0 -4859.17875957489 
6523488.0 -4871.836866378784 
5770642.0 1326.8301429748535 
5765799.0 1496.8457221984863 
5988605.0 -1975.6099109649658 
5991690.0 -2366.203155517578 
6418318.0 -3921.885865211487 
5818480.0 -6.813747406005859 
5801254.0 219.7463788986206 
5800097.0 985.8277072906494 
5850311.0 -21.407397270202637 
5911176.0 -1376.5227098464966 
5899012.0 -1212.475887298584 
5890700.0 -561.835789680481 
5913316.0 -1590.2474536895752 
5987645.0 -1636.4871988296509 
5717148.0 1717.5698890686035 
5744251.0 1591.446192741394 
5747725.0 1563.4829893112183 
5644608.0 4358.186688423157 
5642587.0 4722.005219459534 
5654895.0 3251.2303609848022 
5691776.0 2906.3859062194824 
6466741.0 -4240.0122423172 
6464929.0 -4211.221188545227 
6447320.0 -4067.3736543655396 
6459529.0 -4069.1589641571045 
6733419.0 -5644.566319465637 
6345070.0 -3776.9015321731567 
6412940.0 -3883.291407585144 
6796963.0 -7011.963768959045 
6805631.0 -7019.27178478241 
5701207.0 2619.6512022018433 
5708372.0 2366.4025621414185 
6271623.0 -2979.8284463882446 
6274127.0 -3276.495566368103 
6940777.0 -7720.421546936035 
5644803.0 4436.345832824707 
5743809.0 2150.5207500457764 
6258908.0 -2200.523461341858 
5808540.0 541.9902381896973 
6044780.0 -2128.7561588287354 
6818644.0 -7019.25875377655 
5908558.0 -557.6350574493408 
5999285.0 -1917.0964107513428 
6413440.0 -3842.7029762268066 
