6786422.0 -7089.533173561096 
6829300.0 -7201.961281776428 
6840755.0 -7386.950930595398 
6909106.0 -7747.816955566406 
6414841.0 -4254.572045326233 
6413321.0 -4241.20929145813 
6844701.0 -7448.976186752319 
6542293.0 -5164.858121871948 
6325417.0 -3873.0271005630493 
6733512.0 -6502.105111122131 
6449525.0 -5092.089907646179 
5867150.0 -569.084903717041 
5940860.0 -2377.5851106643677 
6394760.0 -4140.382427215576 
5793704.0 -112.79318809509277 
5877538.0 -1694.7622680664062 
5640488.0 2898.4131269454956 
6444023.0 -4271.536682128906 
5704543.0 1734.7723922729492 
6342160.0 -3889.014479637146 
6788698.0 -7177.895071029663 
6267083.0 -3314.8160247802734 
6277525.0 -3551.012345314026 
5669350.0 1818.6637516021729 
5786389.0 199.69116973876953 
6195897.0 -3299.7061128616333 
6269447.0 -3426.1376056671143 
5736521.0 245.16709232330322 
5726318.0 938.6730489730835 
6376826.0 -3911.2566986083984 
5710905.0 1489.331787109375 
6758282.0 -6869.561848640442 
5985685.0 -2759.0082111358643 
6700300.0 -6225.985206604004 
5843473.0 -481.50931549072266 
5595751.0 4769.499210357666 
6606423.0 -6197.545379638672 
6920566.0 -7741.150145530701 
6909157.0 -7546.368204116821 
6880542.0 -7386.592442512512 
6857949.0 -7203.940955162048 
6870079.0 -7208.617794036865 
6576402.0 -5151.816648483276 
6554665.0 -5019.12841129303 
6569128.0 -5069.171161651611 
6557592.0 -5034.335801124573 
6495444.0 -4859.17875957489 
6523488.0 -4871.836866378784 
6472053.0 -4729.690409660339 
6451455.0 -4701.52907371521 
6418318.0 -3921.885865211487 
5818480.0 -6.813747406005859 
5811350.0 4.907289505004883 
5899012.0 -1212.475887298584 
5890700.0 -561.835789680481 
5913316.0 -1590.2474536895752 
5938251.0 -1647.3560647964478 
5930189.0 -1623.4471197128296 
5905376.0 -1525.175868988037 
5644608.0 4358.186688423157 
5642587.0 4722.005219459534 
5654895.0 3251.2303609848022 
5653528.0 3429.0575761795044 
6447320.0 -4067.3736543655396 
6450718.0 -4157.040056228638 
6345070.0 -3776.9015321731567 
6796963.0 -7011.963768959045 
6805631.0 -7019.27178478241 
6333061.0 -3427.5361223220825 
5698265.0 2005.1123638153076 
5697453.0 2787.4287509918213 
5691776.0 2906.3859062194824 
5801254.0 219.7463788986206 
6223481.0 -3199.39368724823 
6216917.0 -2831.699338912964 
6274127.0 -3276.495566368103 
5775019.0 326.5451908111572 
5739789.0 532.8058338165283 
6412940.0 -3883.291407585144 
5715822.0 1497.1329383850098 
6777411.0 -6317.288374900818 
6162369.0 -2410.5204916000366 
5988605.0 -1975.6099109649658 
5991690.0 -2366.203155517578 
5860592.0 -441.4518737792969 
5867415.0 -465.1669101715088 
5850311.0 -21.407397270202637 
5624988.0 5917.475719451904 
6617544.0 -5206.284193992615 
6727224.0 -5827.54080581665 
6727581.0 -5899.402058601379 
6630393.0 -5798.77768611908 
6737870.0 -5938.970361709595 
6747501.0 -5964.4417181015015 
6761959.0 -6081.815552711487 
6940777.0 -7720.421546936035 
5644803.0 4436.345832824707 
5983960.0 -1552.6499853134155 
6225664.0 -2421.599500656128 
5694623.0 3427.3500213623047 
