7960052.0 -89648.30991139542 
8024802.0 -90256.93926107883 
7953339.0 -89367.60936635267 
7934987.0 -89290.4882843811 
8064293.0 -90716.66646938026 
8015209.0 -90116.5480978936 
6398527.0 -85821.42916819919 
5809550.0 -75764.07677835226 
5874388.0 -79482.88545157388 
6464840.0 -85909.69188879523 
5792020.0 -75205.3515604958 
8005602.0 -90023.01733703166 
6006915.0 -80847.46051344275 
5804150.0 -75709.23002752289 
5833735.0 -78810.89436829463 
6370424.0 -84904.05620395113 
6201367.0 -83245.56423695385 
5948725.0 -80362.20933489129 
7925979.0 -89106.80994576961 
6246263.0 -83374.83765233774 
7972865.0 -89934.6154211415 
5949708.0 -80451.89661860093 
6030186.0 -81225.52162261307 
5810181.0 -78184.64986402169 
5841941.0 -78981.7221566625 
6451086.0 -85901.99249644857 
7152641.0 -89032.0109200941 
6259039.0 -83746.904282731 
6776146.0 -87836.39301090688 
5932091.0 -80339.09102539718 
6491750.0 -87056.92500812933 
6096821.0 -83016.69014246203 
7974603.0 -89936.12768512499 
5963946.0 -80538.74651398882 
6395878.0 -85007.90862844884 
8056872.0 -90529.31587295234 
6041193.0 -82606.99789714254 
5907381.0 -79919.64203381725 
6319377.0 -84753.71354929823 
7960515.0 -89499.80432974733 
8028944.0 -90204.84415091574 
7939463.0 -89256.0782271279 
6401858.0 -85666.16980309272 
6446176.0 -85748.21586806141 
5903147.0 -79477.67937975004 
5874603.0 -79040.84096834064 
5881153.0 -79300.82493996061 
6014793.0 -80726.36051925272 
6010276.0 -80719.0922597237 
5806777.0 -74739.76324091107 
6381887.0 -84846.34807194257 
6247521.0 -83026.23119532317 
5962163.0 -80445.3037314266 
5811089.0 -78035.75324016437 
5818700.0 -78040.49769413099 
5850856.0 -78602.1914075017 
5845597.0 -78334.88873491064 
5870424.0 -78865.55326243117 
5844123.0 -78327.98378413916 
6491102.0 -85900.77308589686 
7335214.0 -88534.04386958992 
7325863.0 -88330.4416610375 
7204380.0 -88292.27232125401 
7178613.0 -88237.27624673396 
7380288.0 -88648.75663751364 
7332828.0 -88520.49471511506 
7354525.0 -88581.30441613495 
7445286.0 -89029.23005904257 
6281487.0 -83436.29486979265 
6271519.0 -83118.31496674288 
6293028.0 -83441.31530678272 
7142507.0 -87787.6484445855 
6791182.0 -87117.23687280715 
6812969.0 -87431.48024834692 
6847554.0 -87603.88696913421 
5941242.0 -80310.0731430389 
6538515.0 -86270.4951741444 
6636674.0 -87015.66030636523 
6210900.0 -82780.59375431016 
6240200.0 -82949.37817499787 
6168969.0 -82648.54338762164 
6238659.0 -82885.7914648205 
8023142.0 -89649.88214893173 
7988405.0 -89539.30359974504 
5984325.0 -80483.52438291162 
8073666.0 -90472.24921233952 
6064295.0 -81331.95769375563 
6119534.0 -82287.84318449348 
6127107.0 -82602.71104890108 
6123028.0 -82324.70319090039 
6078161.0 -81550.61117117852 
6048854.0 -80843.80925210565 
5934352.0 -79882.33935548365 
6362135.0 -84616.52281732857 
6361434.0 -84309.99196306523 
6321160.0 -83546.49219302554 
6338436.0 -83783.490681611 
5812330.0 -74794.85157529265 
8131274.0 -90202.02644480765 
7527843.0 -88886.82234324515 
