7953339.0 -89367.60936635267 
7934987.0 -89290.4882843811 
8064293.0 -90716.66646938026 
6398527.0 -85821.42916819919 
5874388.0 -79482.88545157388 
6464840.0 -85909.69188879523 
6006915.0 -80847.46051344275 
5833735.0 -78810.89436829463 
6370424.0 -84904.05620395113 
6201367.0 -83245.56423695385 
5948725.0 -80362.20933489129 
7925979.0 -89106.80994576961 
6246263.0 -83374.83765233774 
5949708.0 -80451.89661860093 
5810181.0 -78184.64986402169 
5841941.0 -78981.7221566625 
6451086.0 -85901.99249644857 
7152641.0 -89032.0109200941 
6259039.0 -83746.904282731 
6776146.0 -87836.39301090688 
5932091.0 -80339.09102539718 
6491750.0 -87056.92500812933 
6096821.0 -83016.69014246203 
5963946.0 -80538.74651398882 
6395878.0 -85007.90862844884 
6041193.0 -82606.99789714254 
6319377.0 -84753.71354929823 
6214765.0 -83276.57234917022 
7957100.0 -89838.3899589479 
5863453.0 -79033.5016166009 
7961609.0 -90340.73828430474 
7508682.0 -89085.94348318875 
5884147.0 -80294.47829002514 
7132596.0 -88196.15863502072 
6657418.0 -87390.2363735782 
6318387.0 -83779.51535353065 
7151506.0 -88226.93630037457 
5998861.0 -80611.95164440945 
6258243.0 -83413.03372858185 
5715048.0 -76667.70937721059 
8013197.0 -90571.51188697107 
7105157.0 -87881.6914836294 
6028337.0 -81927.913992377 
5792020.0 -75205.3515604958 
8056872.0 -90529.31587295234 
7445286.0 -89029.23005904257 
7939463.0 -89256.0782271279 
7164620.0 -88771.99871602631 
6825785.0 -87704.37306833267 
5809550.0 -75764.07677835226 
5811089.0 -78035.75324016437 
7133348.0 -87736.81823899597 
6594558.0 -87047.6002151221 
6735261.0 -87330.17528402526 
6070138.0 -81777.32621210255 
6102876.0 -82645.43347894587 
6401858.0 -85666.16980309272 
6381887.0 -84846.34807194257 
6571391.0 -86534.62190510333 
7144152.0 -88140.07420625538 
5907381.0 -79919.64203381725 
6321160.0 -83546.49219302554 
6323810.0 -84285.84492610116 
6030186.0 -81225.52162261307 
7960052.0 -89648.30991139542 
6168969.0 -82648.54338762164 
6491102.0 -85900.77308589686 
6446176.0 -85748.21586806141 
6064295.0 -81331.95769375563 
5941242.0 -80310.0731430389 
5903147.0 -79477.67937975004 
6538515.0 -86270.4951741444 
5850195.0 -78890.94658116996 
6210900.0 -82780.59375431016 
8024802.0 -90256.93926107883 
6506045.0 -86203.34202506114 
6362135.0 -84616.52281732857 
5804150.0 -75709.23002752289 
6014793.0 -80726.36051925272 
6271519.0 -83118.31496674288 
5881153.0 -79300.82493996061 
6784942.0 -87395.55578191578 
5845597.0 -78334.88873491064 
6348927.0 -84387.46275356878 
6812969.0 -87431.48024834692 
5818700.0 -78040.49769413099 
6238659.0 -82885.7914648205 
5844123.0 -78327.98378413916 
7142507.0 -87787.6484445855 
6281487.0 -83436.29486979265 
8005602.0 -90023.01733703166 
6247521.0 -83026.23119532317 
5874603.0 -79040.84096834064 
5989998.0 -80519.54931935668 
7972865.0 -89934.6154211415 
6293028.0 -83441.31530678272 
6010276.0 -80719.0922597237 
8015209.0 -90116.5480978936 
5866442.0 -78964.25325035676 
7974603.0 -89936.12768512499 
