6786422.0 -7089.533173561096 
6840755.0 -7386.950930595398 
6909106.0 -7747.816955566406 
6844701.0 -7448.976186752319 
5940860.0 -2377.5851106643677 
6788698.0 -7177.895071029663 
5985685.0 -2759.0082111358643 
6700300.0 -6225.985206604004 
6606423.0 -6197.545379638672 
6306174.0 -4685.37882232666 
6723657.0 -6546.7787799835205 
6793068.0 -7221.910076141357 
6572859.0 -5503.10680103302 
5697953.0 -1006.5607347488403 
6793488.0 -7256.887450218201 
6736185.0 -6947.473769187927 
6747804.0 -7044.652104377747 
5956846.0 -2622.7123584747314 
5676616.0 -234.42922687530518 
6048635.0 -2898.7237873077393 
5679239.0 -639.3340902328491 
5725298.0 -1680.6037168502808 
5667339.0 -105.90994644165039 
6337056.0 -5164.120398521423 
5895110.0 -2361.5521364212036 
6992193.0 -7834.88011264801 
5720750.0 -1121.6343574523926 
6331067.0 -4699.653449058533 
5643128.0 1842.7798461914062 
5551701.0 2285.068822860718 
6390880.0 -5440.783176422119 
6603682.0 -5565.537773132324 
6163639.0 -4447.9322872161865 
5600916.0 2150.3721647262573 
6121459.0 -3443.4341983795166 
5484322.0 5178.044513702393 
5661670.0 1806.1082334518433 
5545077.0 5108.10378742218 
5750420.0 -1766.4041452407837 
6920566.0 -7741.150145530701 
6909157.0 -7546.368204116821 
6880542.0 -7386.592442512512 
6625183.0 -5909.630967140198 
6668078.0 -5952.590128898621 
6624873.0 -5815.72424697876 
6625084.0 -5826.252899169922 
6611572.0 -5685.755066871643 
6323666.0 -4512.507016181946 
6733512.0 -6502.105111122131 
6732023.0 -6253.268701553345 
6829300.0 -7201.961281776428 
6857949.0 -7203.940955162048 
6870079.0 -7208.617794036865 
6818589.0 -7115.889105796814 
6796963.0 -7011.963768959045 
6805631.0 -7019.27178478241 
6758282.0 -6869.561848640442 
5991690.0 -2366.203155517578 
6026200.0 -2483.3601484298706 
6070749.0 -2675.7283506393433 
6072627.0 -2831.487014770508 
5686377.0 -460.9284324645996 
5679482.0 -348.5643196105957 
5680671.0 -380.4574136734009 
5674818.0 1478.7247467041016 
5673859.0 1665.781771659851 
5898918.0 -2145.122702598572 
5987290.0 -2325.676914215088 
5941816.0 -2285.3178701400757 
5740911.0 -812.6881713867188 
5742591.0 -906.5450401306152 
5721013.0 -643.1801137924194 
6389556.0 -4544.3587284088135 
5645045.0 1945.9545726776123 
5659853.0 1911.1450233459473 
5591434.0 3309.358708381653 
5570595.0 3344.814582824707 
5564219.0 4401.315536499023 
6525225.0 -5341.986707687378 
6490036.0 -5246.460987091064 
6449525.0 -5092.089907646179 
6396630.0 -4571.607908248901 
6396998.0 -4861.286531448364 
6212322.0 -4180.5526514053345 
5601093.0 2157.3768911361694 
6195897.0 -3299.7061128616333 
6185092.0 -3022.1593494415283 
5538472.0 5878.006724357605 
5529649.0 7943.99559211731 
5669350.0 1818.6637516021729 
5563992.0 5502.873697280884 
5877538.0 -1694.7622680664062 
5876849.0 -1694.1411542892456 
5862126.0 -961.9711618423462 
6992914.0 -7730.547359466553 
5550683.0 7227.7426109313965 
5602249.0 2327.334913253784 
6508938.0 -5206.728896141052 
6109463.0 -2798.139973640442 
6733689.0 -6260.558778762817 
