8843943.0 7649.550591468811 
8489752.0 11026.388653755188 
8625455.0 10709.509861946106 
8717106.0 9199.309619903564 
8737647.0 8642.181345939636 
8345460.0 12996.92436504364 
8382936.0 12838.253274917603 
8233535.0 14861.01167678833 
8832250.0 7958.971235275269 
8714798.0 10603.309498786926 
9026230.0 7810.26784992218 
8613901.0 12231.159152030945 
8571646.0 12320.913757324219 
8544335.0 12573.635136604309 
8525996.0 12586.940789222717 
8623784.0 12199.223457336426 
8659037.0 10759.997179031372 
8646047.0 11736.234395980835 
8629329.0 12083.996728897095 
8730001.0 10358.751633644104 
8819335.0 8748.3825674057 
8785244.0 9629.402243614197 
8806483.0 9370.398509025574 
8747167.0 9826.160558700562 
8368649.0 13922.793020248413 
8477068.0 12858.553712844849 
8390949.0 13279.4521484375 
8274842.0 16650.67548274994 
8296401.0 15055.970014572144 
8839241.0 8458.914779663086 
8916694.0 8120.204650878906 
8993792.0 8021.786047935486 
8574661.0 12458.409937858582 
8718537.0 11517.05406665802 
8704142.0 11745.235626220703 
8671695.0 11778.156600952148 
8650066.0 12311.952828407288 
8736276.0 10361.191999435425 
8826736.0 8880.154792785645 
8803575.0 9688.469574928284 
8810903.0 9595.513286590576 
8770029.0 10205.91630077362 
8788060.0 9926.605805397034 
8781694.0 9944.350371360779 
8795731.0 9918.24140739441 
8376053.0 14581.785772323608 
8385389.0 14065.7932138443 
8522773.0 12874.985405921936 
8473994.0 13381.465450286865 
8518113.0 13327.246663093567 
8405903.0 13402.687600135803 
8350599.0 15932.671569824219 
8370354.0 15253.753144264221 
8340788.0 16223.639163017273 
8881640.0 8595.643149375916 
8899449.0 8595.418375015259 
8972596.0 8132.254505157471 
8956633.0 8575.38351726532 
9009524.0 8074.304664611816 
8581206.0 12628.611060142517 
8629940.0 12574.653107643127 
8625991.0 12604.84478187561 
8677489.0 12181.343632698059 
8701770.0 11859.738633155823 
8653258.0 12538.943822860718 
8657463.0 12511.604707717896 
8669377.0 12489.283707618713 
8738389.0 11736.573524475098 
8743682.0 10745.288180351257 
8830740.0 9560.892290115356 
8847465.0 9044.826727867126 
8777803.0 10291.783575057983 
8806931.0 10254.688681602478 
8395614.0 14201.9662733078 
8392344.0 15237.105273246765 
8541522.0 13138.453793525696 
8417799.0 13590.315315246582 
8373623.0 15260.298552513123 
8361310.0 16256.72359752655 
8885566.0 8791.32509803772 
8979326.0 8313.779071807861 
9039245.0 8242.775643348694 
8368044.0 17771.994750976562 
8997214.0 8494.136152267456 
8396762.0 14203.029559135437 
8392828.0 15804.447470664978 
8869280.0 9080.42315864563 
8674664.0 12619.115631103516 
8585743.0 12745.795329093933 
8745087.0 11792.345143318176 
8865037.0 10008.208236694336 
8700387.0 12278.141338348389 
8376395.0 16963.840576171875 
8748063.0 10846.221069335938 
8937528.0 8879.633623123169 
8447913.0 13710.894395828247 
8428619.0 13868.818124771118 
8505073.0 13653.372175216675 
8570092.0 13223.662508010864 
8807837.0 10283.640751838684 
