8064293.0 -90716.66646938026 
6398527.0 -85821.42916819919 
6464840.0 -85909.69188879523 
6370424.0 -84904.05620395113 
6451086.0 -85901.99249644857 
7152641.0 -89032.0109200941 
6776146.0 -87836.39301090688 
6491750.0 -87056.92500812933 
6041193.0 -82606.99789714254 
6319377.0 -84753.71354929823 
7961609.0 -90340.73828430474 
6657418.0 -87390.2363735782 
5715048.0 -76667.70937721059 
8013197.0 -90571.51188697107 
7916085.0 -90267.30155791715 
5765159.0 -77451.37281848118 
6394315.0 -85370.38249380235 
6081674.0 -82737.82020033337 
5754823.0 -77076.88163191453 
7890193.0 -89951.26048091426 
6315867.0 -84671.853042108 
6487531.0 -85965.3474025242 
6200460.0 -83835.60193290561 
5782751.0 -77766.41725936532 
7083186.0 -88346.25101924525 
5808516.0 -80424.63446088135 
6248195.0 -84342.84863111377 
7258474.0 -89448.16327922046 
7964659.0 -90454.07525788434 
7032335.0 -88100.19882098422 
6489858.0 -86564.12046977691 
6032410.0 -82545.50911352644 
6268994.0 -84483.2830592934 
5792868.0 -79187.30113174766 
5955486.0 -82135.00828526169 
6765979.0 -87449.7659040913 
6125631.0 -83555.03855841747 
6605580.0 -87281.98489697278 
6087967.0 -83120.59402164072 
6445537.0 -85863.3885711478 
5910510.0 -81091.06785755325 
5844581.0 -80653.78103892133 
6271307.0 -84529.73694441654 
8099193.0 -90639.46194937825 
5728280.0 -76252.69765185937 
7818375.0 -89095.66493559256 
7105157.0 -87881.6914836294 
6803550.0 -87743.14867122471 
7508682.0 -89085.94348318875 
7445286.0 -89029.23005904257 
7193591.0 -89009.12877088808 
6594558.0 -87047.6002151221 
6735261.0 -87330.17528402526 
6092324.0 -82667.63628317602 
7899988.0 -89524.86715322733 
6006915.0 -80847.46051344275 
6021756.0 -81992.89673621673 
5810181.0 -78184.64986402169 
6014668.0 -81850.70673792809 
6506045.0 -86203.34202506114 
5816384.0 -78982.33773276955 
5804760.0 -77768.12581167743 
7972865.0 -89934.6154211415 
8023957.0 -90316.74360669404 
5888834.0 -80649.5217666803 
5831529.0 -79838.50832557492 
5823295.0 -79246.07428556308 
6396774.0 -85208.9185737269 
6526217.0 -86849.25859154761 
5969710.0 -80833.07602074649 
5798651.0 -77134.22712631151 
7917316.0 -89852.26221044362 
6096821.0 -83016.69014246203 
6784942.0 -87395.55578191578 
6381887.0 -84846.34807194257 
8056872.0 -90529.31587295234 
6214765.0 -83276.57234917022 
5859804.0 -80073.39767330512 
5775405.0 -77032.08294159919 
7155796.0 -88722.54431243613 
5884147.0 -80294.47829002514 
6137992.0 -83234.72962645628 
6232411.0 -83716.5278746076 
6417168.0 -85764.28535703802 
6401858.0 -85666.16980309272 
5773730.0 -76521.72548317537 
7151506.0 -88226.93630037457 
6362135.0 -84616.52281732857 
6308218.0 -84056.29575244803 
7132596.0 -88196.15863502072 
6546949.0 -86878.30748895928 
6273400.0 -83965.19146731962 
6480046.0 -85888.01468833908 
5757454.0 -76463.73436043039 
7169935.0 -88876.60039783013 
6177391.0 -83272.06392519921 
6259039.0 -83746.904282731 
6491102.0 -85900.77308589686 
6348927.0 -84387.46275356878 
6323810.0 -84285.84492610116 
