8456399.0 8858.238509178162 
8352937.0 9540.665536880493 
8118426.0 11425.593852043152 
8834185.0 6673.105278015137 
8500480.0 7142.868061065674 
8033898.0 14565.993900299072 
8051264.0 13701.119894981384 
8217202.0 11244.045033454895 
8339483.0 10141.831365585327 
8470517.0 8160.9740171432495 
8060644.0 13081.444639205933 
7963844.0 15051.463869094849 
8039016.0 14198.287580490112 
8249148.0 10688.155187606812 
8460410.0 9073.60122871399 
8375269.0 9879.267757415771 
8431867.0 9635.959696769714 
8199013.0 11508.81047821045 
8193064.0 12058.61718082428 
8856175.0 6833.663352966309 
8768889.0 7287.010667800903 
8735474.0 7373.22057056427 
8809042.0 7222.728087425232 
8685773.0 7456.942060470581 
8531841.0 7546.620500564575 
8365840.0 10638.774897575378 
8061221.0 14091.316045761108 
8062204.0 13138.736297607422 
8310926.0 10805.377113342285 
8326640.0 10773.475476264954 
8296624.0 11501.867169380188 
8472928.0 9448.164575576782 
8517947.0 9410.050846099854 
8383786.0 10137.386226654053 
8279634.0 11527.847752571106 
8211540.0 12104.895248413086 
8802464.0 7471.111095428467 
8601171.0 7778.509003639221 
8592370.0 8921.492526054382 
8768004.0 7610.828974723816 
8541985.0 8948.194690704346 
8712254.0 7652.433887481689 
8089604.0 13277.34428691864 
8075793.0 16329.880699157715 
8081609.0 15433.149151802063 
8196886.0 13190.853963851929 
8323287.0 11144.285329818726 
8487249.0 9767.588908195496 
8496039.0 9750.805338859558 
8410621.0 10516.900526046753 
8400690.0 10858.713321685791 
8433225.0 10262.402061462402 
8301885.0 11600.148891448975 
8273449.0 12204.489812850952 
8222013.0 12970.50597000122 
8251729.0 12357.572840690613 
8822774.0 7514.294630050659 
8612876.0 8385.81644153595 
8689023.0 8348.85274219513 
8578315.0 9181.565468788147 
8563932.0 9667.104640960693 
8568219.0 9285.904076576233 
8754731.0 7792.123037338257 
8774832.0 7760.705487251282 
8771818.0 7773.780529022217 
8726528.0 8043.214286804199 
8102481.0 14263.872429847717 
8113491.0 13649.4095993042 
8090498.0 14529.285389900208 
8341635.0 11256.298357963562 
8538818.0 9904.07428073883 
8519807.0 10015.3810338974 
8411112.0 11003.823563575745 
8455304.0 10474.85116481781 
8319153.0 12280.228183746338 
8229523.0 13608.443788528442 
8275858.0 12813.776450157166 
8259263.0 13149.514412879944 
8843943.0 7649.550591468811 
8831467.0 7693.474808692932 
8618927.0 8660.540860176086 
8664556.0 8424.158874511719 
8618722.0 9283.434845924377 
8575957.0 9878.867799758911 
8613172.0 9630.973268508911 
8770297.0 7810.168057441711 
8818595.0 7790.3087158203125 
8750861.0 8368.904577255249 
8764963.0 8107.022699356079 
8757364.0 8185.6225328445435 
8163824.0 13864.18642616272 
8154723.0 14464.425908088684 
8115788.0 14597.175591468811 
8114222.0 14601.584027290344 
8090805.0 15101.250059127808 
8348966.0 12010.64038658142 
8384645.0 11579.166462898254 
8362638.0 11766.054546356201 
8853312.0 7735.862246513367 
8098815.0 17117.053029060364 
