8692242.0 6085.6150579452515 
8754134.0 5923.459442138672 
8537293.0 6305.887812614441 
7812913.0 12347.339736938477 
8139406.0 6405.898001670837 
8670955.0 6275.521471977234 
7785960.0 12923.741801261902 
7886332.0 8513.36201763153 
8050225.0 8489.614233970642 
7772239.0 13508.675309181213 
8812832.0 6204.750831604004 
8191196.0 6516.987687110901 
8148766.0 8118.099094390869 
8153093.0 7157.814946174622 
8696281.0 6367.408595085144 
7860530.0 13334.64098072052 
8012467.0 9142.908205986023 
7980108.0 10221.196417808533 
7908998.0 11014.206952095032 
7848956.0 13954.4020986557 
8242595.0 6772.031588554382 
8547287.0 6620.859402656555 
8150264.0 8138.695761680603 
8191970.0 8048.796039581299 
8205422.0 8018.623127937317 
8232531.0 7885.278779029846 
8795531.0 6502.244180679321 
7892866.0 13386.493248939514 
8055785.0 9807.543862342834 
8071924.0 9414.613337516785 
8068045.0 9751.157528877258 
7980751.0 10298.316212654114 
7910639.0 12313.00062084198 
7933851.0 11507.292470932007 
7949322.0 11069.829461097717 
7855309.0 14206.273574829102 
7851658.0 14874.891695022583 
8379658.0 6938.154511451721 
8250484.0 6982.983836174011 
8624236.0 6748.780376434326 
8244748.0 8066.478593826294 
8834185.0 6673.105278015137 
8827544.0 6718.028128623962 
8074760.0 9527.396919250488 
8157497.0 9493.575688362122 
8029950.0 10456.161128044128 
8002651.0 10602.620703697205 
8063739.0 10397.111750602722 
7927139.0 13321.948051452637 
7915483.0 14014.689029693604 
7945693.0 12577.724526405334 
7935756.0 13121.878342628479 
7949626.0 11164.520294189453 
7997368.0 11105.843196868896 
7884353.0 14739.220042228699 
7887405.0 14356.747793197632 
7897077.0 14313.909213066101 
7862946.0 17426.686420440674 
8500480.0 7142.868061065674 
8301817.0 7200.633511543274 
8252131.0 7909.857113838196 
8646493.0 7111.20841217041 
8842711.0 6760.866637229919 
8840308.0 7103.573682785034 
8076143.0 10025.57054901123 
8117015.0 9770.633244514465 
8202872.0 9558.684720039368 
8198023.0 9696.583119392395 
8035851.0 10508.942148208618 
8006177.0 10935.015310287476 
7949122.0 14305.325647354126 
7978465.0 11446.318988800049 
7957730.0 13539.204894065857 
7952541.0 13861.515655517578 
7966864.0 12004.676503181458 
8000268.0 11111.091939926147 
7890161.0 14385.295431137085 
8343396.0 7219.9987688064575 
8314175.0 8016.842867851257 
8293888.0 8198.708680152893 
8259309.0 9476.885766029358 
8856175.0 6833.663352966309 
8178077.0 9810.389150619507 
8123995.0 9983.00438785553 
8212506.0 9635.72756099701 
8209562.0 9648.989435195923 
8205283.0 9808.35768699646 
8063803.0 10654.685853004456 
8116958.0 10534.54878616333 
8064069.0 10565.998958587646 
8041272.0 10733.241847991943 
8020587.0 10995.415496826172 
7989218.0 11974.745965957642 
7996105.0 11739.678911209106 
7972107.0 12658.380088806152 
7968476.0 13506.544507026672 
7905226.0 15083.953262329102 
7936377.0 14561.62118434906 
8886814.0 6896.657027244568 
7917994.0 16092.55339050293 
