8132881.0 5657.789175987244 
8163026.0 4977.79297542572 
7750935.0 9225.97688293457 
8156152.0 5637.419060707092 
8125405.0 6060.044310569763 
7767439.0 7414.510172843933 
7890160.0 6547.488351821899 
7862603.0 6999.649394035339 
8649516.0 4819.696761131287 
7605059.0 10502.098397254944 
7641206.0 9260.315830230713 
7569551.0 13921.219583511353 
7756780.0 7436.708533287048 
8195682.0 5374.419172286987 
8199674.0 5041.230821609497 
8139406.0 6405.898001670837 
8166210.0 6305.189454078674 
8177910.0 6098.518698692322 
7983318.0 6560.705891609192 
7910397.0 6682.723998069763 
7940497.0 6595.914294242859 
7635968.0 12959.597549438477 
7610221.0 13701.940438270569 
7617123.0 13154.031254768372 
7710560.0 10594.89863204956 
7663611.0 11765.058716773987 
7714872.0 10301.886726379395 
7693115.0 10611.828964233398 
7748902.0 9993.461986541748 
7757761.0 9385.369114875793 
7826718.0 7697.264539718628 
7798752.0 8920.913976669312 
8198775.0 5832.310157775879 
8214324.0 5263.776394844055 
8824953.0 5126.972809791565 
8191196.0 6516.987687110901 
8148140.0 6675.0125913619995 
8096448.0 6695.511583328247 
8000376.0 7304.517903327942 
8051922.0 6696.304051399231 
8182096.0 6604.643909454346 
7981924.0 7589.379892349243 
8032657.0 7197.066999435425 
7631519.0 14242.901131629944 
7687478.0 13492.004091262817 
7732523.0 10346.842388153076 
7727717.0 11023.544025421143 
7727568.0 11158.395823478699 
7707509.0 12761.815628051758 
7777618.0 9718.384071350098 
7858506.0 8014.19545841217 
7905445.0 7918.556070327759 
7828882.0 9506.579363822937 
8212511.0 6264.274079322815 
8213389.0 5866.152937889099 
8759572.0 5290.140845298767 
8673606.0 5397.343912124634 
8247497.0 5617.324756622314 
8144115.0 6961.673574447632 
8112518.0 7067.30356502533 
8202122.0 6650.57577419281 
7988711.0 7752.655692100525 
8069736.0 7334.171988487244 
8056777.0 7399.103651046753 
7660314.0 14337.169400215149 
7758394.0 10569.324474334717 
7776259.0 10482.289199829102 
7755507.0 10739.428649902344 
7746226.0 11085.03777217865 
7735210.0 11253.909526824951 
7727661.0 12013.078600883484 
7723502.0 12796.39752483368 
7718255.0 13122.359830856323 
7822776.0 10062.147756576538 
7797211.0 10264.151378631592 
7862552.0 8121.169041633606 
7858664.0 8919.1034450531 
7851692.0 9578.687558174133 
8689335.0 5471.81526184082 
7697339.0 15470.073811531067 
8298764.0 5780.013559341431 
8036370.0 7759.810748100281 
7708920.0 15056.610363006592 
7721086.0 13189.375929832458 
7895610.0 8149.668200492859 
7758571.0 10918.610479354858 
7809870.0 10400.92079257965 
8230041.0 6484.450791358948 
7874519.0 9246.428945541382 
7747870.0 11648.33933353424 
8173300.0 7030.496070861816 
7730158.0 12144.808156967163 
7886332.0 8513.36201763153 
8078934.0 7446.741863250732 
7724819.0 12800.131181716919 
7851818.0 9988.267178535461 
8113466.0 7241.977662086487 
7872427.0 9924.664907455444 
8289869.0 6275.918742179871 
8153093.0 7157.814946174622 
