8148711.0 4042.8782997131348 
8111516.0 4346.924120903015 
8095265.0 4658.196872711182 
7549901.0 7641.9592571258545 
7862816.0 4839.083913803101 
8105077.0 4572.257685661316 
7744411.0 5845.459315299988 
7392416.0 10788.48761844635 
7711280.0 6797.688831329346 
7728249.0 6703.3129053115845 
7792122.0 5562.412850379944 
7733626.0 6282.920612335205 
7348379.0 12501.47866153717 
7596026.0 7382.288728713989 
7397017.0 9833.387385368347 
7658302.0 6860.483716964722 
7494476.0 8702.66261100769 
7385769.0 10946.28313446045 
8194892.0 4232.74329662323 
8396273.0 4096.368262290955 
8171464.0 4437.206295967102 
7563533.0 7897.358731269836 
7983199.0 5391.597571372986 
8035795.0 5089.749765396118 
8154499.0 4578.165412902832 
8135448.0 4778.0213623046875 
8114702.0 4867.685231208801 
7765148.0 5882.112306594849 
7887557.0 5859.105983734131 
7742705.0 6792.014596939087 
7656843.0 7700.6294803619385 
7606144.0 7733.8184633255005 
7489306.0 9969.827980041504 
7477260.0 10192.645837783813 
7467765.0 10853.002890586853 
7667841.0 7202.76176738739 
7730192.0 7102.736867904663 
7737940.0 6993.135553359985 
7538772.0 9201.222040176392 
7534274.0 9859.871787071228 
7444424.0 11717.922107696533 
7565867.0 9075.255659103394 
7569474.0 9015.612270355225 
7588776.0 8301.970679283142 
7983892.0 5687.8061780929565 
8101250.0 5206.091634750366 
8260755.0 4660.952975273132 
8241241.0 4771.832537651062 
8185131.0 4805.694440841675 
8163026.0 4977.79297542572 
7767466.0 6247.039365768433 
7788996.0 5957.431756973267 
7485488.0 10260.05574131012 
7481487.0 10583.485935211182 
7713621.0 7754.134196281433 
7708378.0 8038.805788993835 
7732677.0 7255.196820259094 
7736650.0 7250.500994682312 
7744536.0 7166.484075546265 
7553749.0 9937.201446533203 
7586078.0 9333.863673210144 
7601012.0 8685.292045593262 
7604354.0 8413.20517539978 
8063135.0 5794.21574306488 
8038297.0 5831.108631134033 
8073045.0 5699.601922035217 
8132881.0 5657.789175987244 
8148772.0 5310.7893896102905 
8133717.0 5446.632586479187 
8569629.0 4761.3429317474365 
8624564.0 4742.124689102173 
8488826.0 4772.230302810669 
8197279.0 4936.755700111389 
8211392.0 4879.552766799927 
8165486.0 5100.134390830994 
8171538.0 5082.916359901428 
7767597.0 6657.32287979126 
7904502.0 6044.503825187683 
7874640.0 6581.345283508301 
7878137.0 6186.164942741394 
7830900.0 6605.884170532227 
7487942.0 10275.421695709229 
7756780.0 7436.708533287048 
7766704.0 7370.993928909302 
7744977.0 8069.002167701721 
7558476.0 10243.568612098694 
8630973.0 4782.885971069336 
7491033.0 14431.079900741577 
7624266.0 8557.176047325134 
8401258.0 4890.750659942627 
7492936.0 11868.587144851685 
7767439.0 7414.510172843933 
8293341.0 4904.392188072205 
7601845.0 9281.004844665527 
8002028.0 6278.203122138977 
7539388.0 10635.194800376892 
7862603.0 6999.649394035339 
7538695.0 11579.764866828918 
7599606.0 10110.892493247986 
8144030.0 5451.523476600647 
