7900453.0 -79934.23925365484 
7411611.0 -78411.69238238782 
8263522.0 -83471.77684390172 
7906037.0 -81735.38229719643 
8197115.0 -82919.65820126608 
7388102.0 -72312.24147055857 
7356898.0 -71881.32213688642 
8488477.0 -84532.59867014922 
7393482.0 -73247.10565109458 
8515677.0 -84726.09813174233 
8344740.0 -83665.90685172006 
7864088.0 -79782.95826652646 
8121384.0 -82153.59543151408 
7773363.0 -78989.70015256107 
8206396.0 -83235.98630244285 
8315962.0 -83608.9991167076 
8072120.0 -81781.72084322572 
8475361.0 -84474.52867112122 
7788386.0 -79398.5551279448 
8377528.0 -83819.78071351722 
7757990.0 -78884.54004185274 
7698666.0 -78096.53113672324 
7412961.0 -75139.43536946736 
7596306.0 -78064.26912927069 
7442139.0 -77973.40737590194 
7757466.0 -78131.23124863952 
7922915.0 -80860.523704499 
7908765.0 -80118.75616295356 
7918251.0 -80395.29373773444 
7951921.0 -80949.74710911512 
7952967.0 -81701.74725245032 
7366107.0 -70227.62045367062 
7410667.0 -72240.82879606634 
7398768.0 -72058.96090984251 
8534535.0 -84481.4553607665 
7878833.0 -79633.57611647807 
8186890.0 -81842.58466832526 
8233777.0 -83129.3269215636 
8234150.0 -83135.74014561251 
8305613.0 -83139.286248561 
8333441.0 -83194.53066431358 
8521309.0 -84228.9019513093 
8516373.0 -83854.69916577637 
8528936.0 -84285.39254593104 
7827029.0 -79295.5127312094 
7797779.0 -78992.54419297725 
8399980.0 -83759.47354827449 
8398959.0 -83305.44012809917 
7775864.0 -78627.09850081056 
7762004.0 -78292.85893438756 
7419973.0 -73094.33196828375 
7413596.0 -72911.49904630892 
7444146.0 -75641.38215445727 
7755715.0 -77832.77230013907 
7606457.0 -77826.76529301703 
7476198.0 -77481.55012281984 
7463013.0 -76492.37868218496 
7945818.0 -80605.07663868275 
7913288.0 -79931.47042131517 
7939274.0 -80084.05116926879 
7980961.0 -81132.37169923261 
8019276.0 -81379.1761039272 
8087854.0 -81454.53305268288 
7964622.0 -80963.03260026872 
8180598.0 -81657.50912914425 
8148972.0 -81646.32262568176 
8543499.0 -84396.13626178727 
8544857.0 -84432.66369674355 
7884870.0 -79296.41053879261 
8205664.0 -81716.66698401608 
8240254.0 -83038.55578874238 
8239419.0 -82506.63521707617 
8389550.0 -83069.60466143489 
8394871.0 -83153.63405917957 
8364798.0 -83069.37802666822 
7852492.0 -79278.04895675741 
7828721.0 -78872.56390546635 
8470852.0 -83675.95853371173 
8421404.0 -83508.77350555733 
7787686.0 -78499.13347417861 
7786165.0 -78351.59019280225 
7769192.0 -78232.403370101 
7762573.0 -77880.94508611225 
7422111.0 -71302.65916389227 
8597950.0 -84297.15748465061 
7446747.0 -75405.01597044803 
7423985.0 -72592.47373695299 
8286027.0 -83017.63853325695 
8435548.0 -83497.45263427496 
7529893.0 -77013.13332355767 
8022434.0 -81165.38226117194 
8166225.0 -81326.9641373884 
7916176.0 -79907.04672085028 
8241472.0 -82444.14745992422 
7642525.0 -77498.98031362891 
7859018.0 -79035.52392064035 
7770088.0 -78199.2156548705 
7674386.0 -77765.57971163094 
8223261.0 -81347.1037584804 
8494872.0 -83581.81687290594 
