9394481.0 -71476.74632108584 
9613650.0 -70709.15783881024 
9569045.0 -70487.07511811703 
1.0166743E7 -70016.78902192507 
1.0126475E7 -69414.02035868913 
1.0566322E7 -70464.33045523125 
9595757.0 -61522.85417653527 
9742084.0 -68693.8666075971 
9877858.0 -68826.00543180667 
9673548.0 -64531.76802478731 
1.0531099E7 -69749.69658979028 
1.0365729E7 -68884.12796601979 
1.0257576E7 -68882.9456031695 
1.0418292E7 -69127.78771480545 
1.0635593E7 -70452.91043391172 
1.0605374E7 -70416.59654895216 
9660056.0 -58419.538550414145 
9874875.0 -64586.94154521823 
9876290.0 -67657.13315633778 
9959770.0 -68187.12837210856 
1.0014679E7 -68457.26184713002 
9920938.0 -68153.66765416786 
1.0177714E7 -68483.82707018405 
9716694.0 -62760.80528658815 
9689332.0 -61730.86298281886 
1.0582964E7 -69205.87259247154 
1.0278292E7 -68819.89529912174 
1.0450572E7 -69076.76995718107 
1.0629001E7 -70185.00101254485 
1.0620747E7 -69471.0249960795 
9894949.0 -65886.06237497926 
9904650.0 -66509.25604684162 
9878814.0 -65657.82449913956 
1.0124556E7 -67722.00619158149 
1.0019969E7 -66730.88605324272 
1.0031759E7 -67117.71273974609 
1.0058379E7 -67589.36112818494 
1.0266116E7 -67784.67875169031 
9750364.0 -62049.487831177306 
9865982.0 -62573.11677547207 
9775597.0 -62398.32816186361 
1.038784E7 -68809.91292794049 
1.0321892E7 -68789.04364279192 
1.057886E7 -68946.91870301496 
1.0632813E7 -69810.27059792913 
1.072269E7 -69982.46379546076 
9973500.0 -66166.74821949005 
9950848.0 -64947.38615697296 
9965942.0 -65306.037761106156 
9909188.0 -64501.7995446492 
9887618.0 -63253.489628098905 
9894605.0 -64384.931156100705 
9881200.0 -63011.93649945874 
1.0051197E7 -66637.7359323008 
1.0059471E7 -66965.88480777759 
1.0259584E7 -67064.77876665909 
1.0305818E7 -67357.7482787231 
1.0269004E7 -67138.32562130596 
9774067.0 -61713.47964770661 
9816171.0 -61874.37841606175 
1.0385644E7 -68676.01576615265 
1.0349318E7 -67721.44180813059 
1.0374398E7 -68530.1950293025 
1.0426144E7 -68768.88241312187 
1.0613935E7 -68880.04121770151 
1.0765058E7 -69176.68861874565 
1.0809287E7 -69778.33762426674 
1.0001272E7 -65799.6673367396 
9961222.0 -64899.20007301355 
9971817.0 -64903.282696538605 
9973874.0 -65197.83122679917 
9958479.0 -63424.01662231702 
9893916.0 -61946.08813942969 
9902224.0 -62588.32001354545 
1.0139211E7 -65847.2774773743 
1.0262222E7 -66366.55968049355 
1.0278277E7 -66778.83295909408 
1.0274958E7 -66504.81469653547 
9803741.0 -60492.45198988542 
9835454.0 -61376.20952390507 
1.0361248E7 -66827.45393112302 
1.0382869E7 -67966.88952389988 
1.038052E7 -67959.56119952351 
1.0537199E7 -68482.12300873594 
1.0586295E7 -68648.81619372405 
1.0846145E7 -68900.58428790607 
1.0109985E7 -65638.13080123626 
1.0025297E7 -64458.279278492555 
9999922.0 -64149.72090385528 
9959416.0 -63341.891401194036 
9942206.0 -61577.10203164071 
1.0345789E7 -66743.69413404353 
1.0294036E7 -66594.7179351449 
1.0319717E7 -66599.851051067 
1.0278676E7 -66369.30508140475 
9810907.0 -60469.60185603937 
9902082.0 -61312.8360111611 
1.0664303E7 -68640.47604701295 
9857533.0 -60432.30384397879 
9988421.0 -62450.59506823821 
