7687575.0 3463.3075551986694 
7548160.0 3639.909299850464 
8020199.0 2497.1320610046387 
7058074.0 10999.513115882874 
7212417.0 5761.244825363159 
7687633.0 2722.8138856887817 
7411627.0 4141.696765899658 
7136550.0 9270.233761787415 
7500470.0 4064.878635406494 
7205404.0 6835.205267906189 
7652865.0 3681.649722099304 
7119572.0 11821.318514823914 
7127427.0 11189.368197441101 
7350171.0 6833.420818328857 
7376623.0 5808.984023094177 
7798735.0 3313.061318397522 
7769151.0 3514.2496995925903 
8039909.0 2766.618740081787 
8001572.0 3157.963864326477 
7430563.0 4163.579533576965 
7189045.0 11047.981068611145 
7235685.0 7083.008435249329 
7322260.0 6931.868458747864 
7224789.0 7423.606006622314 
7689840.0 3958.6852445602417 
7758387.0 3938.309193611145 
7120383.0 16474.38909626007 
7163079.0 14232.490538597107 
7174781.0 13593.952149391174 
7399174.0 6036.099531173706 
7827978.0 3393.3248586654663 
7956922.0 3392.3632583618164 
7978486.0 3326.868055343628 
7967160.0 3387.2571020126343 
7822294.0 3702.389169692993 
8050207.0 3042.4130325317383 
8040968.0 3274.594997406006 
7567425.0 4428.394087791443 
7444339.0 4908.17706489563 
7431406.0 5819.737056732178 
7502585.0 4511.298438072205 
7196015.0 11168.246404647827 
7190013.0 11910.405905723572 
7364437.0 7037.3588609695435 
7343096.0 7318.943816184998 
7232015.0 10754.78175830841 
7328421.0 7622.1513748168945 
7245288.0 7800.298449516296 
7734005.0 4083.7679586410522 
7705963.0 4127.012047767639 
7791465.0 4045.603723526001 
7776023.0 4077.508439064026 
7413614.0 6733.597137451172 
7419508.0 6649.887559890747 
7420266.0 6546.224564552307 
7852334.0 3399.117283821106 
8154297.0 3124.3532905578613 
8043542.0 3316.123091697693 
7699068.0 4438.017580032349 
7501491.0 5330.845700263977 
7483333.0 5809.33533000946 
7471315.0 5811.720868110657 
7447784.0 6220.703549385071 
7525707.0 4668.042627334595 
7624331.0 4552.588982582092 
7608005.0 4649.387390136719 
7227917.0 11340.822085380554 
7220274.0 11823.007853507996 
7217068.0 12266.862448692322 
7193818.0 15077.104314804077 
7404746.0 7193.9899616241455 
7391647.0 7218.239883422852 
7410243.0 7154.333869934082 
7367250.0 7221.0795640945435 
7393060.0 7199.12029838562 
7359387.0 7431.951581001282 
7339393.0 7709.095335006714 
7284030.0 7802.936527252197 
7273049.0 8780.101182937622 
7271266.0 9439.29489517212 
7265138.0 9856.348628044128 
7248937.0 9882.403903961182 
8179545.0 3148.9446477890015 
7218006.0 12914.430115699768 
7962222.0 3425.9190711975098 
7244717.0 11791.05543422699 
8161363.0 3398.9296474456787 
7254300.0 10286.350803375244 
7339419.0 8171.595747947693 
7474901.0 6111.693279266357 
7713130.0 4199.462255477905 
7865261.0 3441.5197801589966 
7510468.0 5462.299076080322 
7296337.0 8656.200115203857 
7809405.0 4139.958695411682 
7264649.0 9892.101936340332 
7360377.0 7442.731379508972 
7275331.0 9283.594789505005 
7611962.0 5016.165096282959 
7548553.0 5023.579361915588 
