8515677.0 -84726.09813174233 
8520687.0 -84762.86536739394 
7965458.0 -82265.08933547884 
8622189.0 -85020.09842645377 
7770749.0 -80588.26573252771 
7881856.0 -81572.80172022618 
7740895.0 -80197.83901640773 
7889911.0 -81622.35338112898 
7219880.0 -73025.28730595857 
8544308.0 -84838.10763605405 
7321481.0 -74433.667510584 
7783493.0 -80985.51436744723 
7204942.0 -68310.67222951865 
7372895.0 -80053.89214740694 
7265725.0 -73219.23291218467 
7847290.0 -81179.8158918107 
8126036.0 -83210.84710303973 
7891133.0 -81870.61190505419 
8497616.0 -84594.61095524952 
8187070.0 -84577.63843448088 
7211887.0 -70248.62357374653 
7335315.0 -77311.72157187015 
7302184.0 -73964.16443872452 
7737256.0 -80065.08783503203 
8020716.0 -82246.12926408648 
8006932.0 -82126.32192275953 
7970105.0 -82096.86767605692 
7772991.0 -80315.73630730435 
7890649.0 -81188.73488369677 
7239816.0 -72698.94817159325 
7252946.0 -72867.03373253345 
7789436.0 -80344.55459482316 
7829999.0 -80370.94057495054 
7395555.0 -79372.90351973474 
7479216.0 -79455.51375228167 
7378876.0 -78380.39786415547 
7672168.0 -79568.16236806475 
7381034.0 -79186.666837506 
7271450.0 -73010.80574867502 
7862205.0 -81124.96291282028 
7848610.0 -80683.05278329365 
8146792.0 -82942.81602305919 
7906037.0 -81735.38229719643 
8488477.0 -84532.59867014922 
8206396.0 -83235.98630244285 
8475361.0 -84474.52867112122 
8282041.0 -84455.57533672266 
8229983.0 -83605.02573053166 
8277529.0 -83698.39031658135 
7366979.0 -77149.72656344622 
7366965.0 -76956.64574637264 
7335802.0 -75234.91478978097 
7363071.0 -75429.4897678271 
7302270.0 -73040.81792122126 
7305738.0 -73838.92734120041 
7745337.0 -79968.0045319465 
7242994.0 -72084.06640959531 
8522958.0 -84494.76649855077 
7377311.0 -76736.64297909662 
7544988.0 -79278.61156173423 
7387490.0 -77944.501792036 
7908299.0 -81729.13581166137 
7316714.0 -73587.17523335293 
7369865.0 -75192.4509101659 
8407823.0 -84335.72069839016 
7660192.0 -79451.83694488578 
7869352.0 -80804.6026447881 
7337539.0 -74812.17509324104 
7834287.0 -80303.69519953802 
7455122.0 -79167.26306171715 
7407960.0 -78581.7435406819 
8335333.0 -84086.47927581891 
8014880.0 -82003.33145968243 
7956222.0 -81731.648189269 
8469253.0 -84420.96704604849 
8099922.0 -82203.10056120344 
8243905.0 -83521.08307505958 
7446922.0 -78792.56786710024 
8315962.0 -83608.9991167076 
8054972.0 -82084.54874455184 
7783403.0 -79918.0593547821 
7273703.0 -72372.23701810092 
8157976.0 -82220.72416566312 
7296461.0 -72979.65321607143 
7687932.0 -79491.6483791438 
7869043.0 -80530.43714208156 
7293701.0 -72579.248702012 
7314728.0 -73270.29656627029 
7741884.0 -79510.8981515544 
8220875.0 -83126.5246453993 
7747096.0 -79675.16063876031 
8316271.0 -83846.36525786668 
8169587.0 -82498.43416799232 
8233008.0 -83320.30473536067 
7778855.0 -79831.82134179305 
8518108.0 -84491.0481577199 
8174199.0 -82705.63424809417 
8197115.0 -82919.65820126608 
7366975.0 -74980.22046142817 
7343936.0 -74839.09144929051 
