7965458.0 -82265.08933547884 
7372895.0 -80053.89214740694 
7891133.0 -81870.61190505419 
7949160.0 -81911.3148312904 
7875530.0 -81772.82743577007 
7521994.0 -80244.06658757478 
8030223.0 -82296.20126951486 
7442060.0 -80114.74308011308 
8498440.0 -86131.48582471185 
7318632.0 -78864.79188103229 
8041186.0 -82483.1712758094 
8049254.0 -83600.62774006277 
7102306.0 -71898.63687816635 
7162730.0 -72777.0971487835 
8537927.0 -86592.50428332761 
8181805.0 -85285.11672989465 
7601213.0 -80624.82514267042 
8048708.0 -83375.39405652694 
7583587.0 -80451.34915161971 
7183682.0 -76734.10382530093 
8096474.0 -85170.53267418966 
7693857.0 -81358.77891488699 
7735980.0 -81455.83893915638 
7179099.0 -74116.74432979897 
7337028.0 -79093.37791221589 
7097564.0 -71668.10684804618 
8020716.0 -82246.12926408648 
8006932.0 -82126.32192275953 
7970105.0 -82096.86767605692 
7395555.0 -79372.90351973474 
7381034.0 -79186.666837506 
7881856.0 -81572.80172022618 
7889911.0 -81622.35338112898 
7906037.0 -81735.38229719643 
7479216.0 -79455.51375228167 
7570501.0 -79856.8670386374 
7510661.0 -79777.07593839802 
8506938.0 -85585.94818622246 
7335315.0 -77311.72157187015 
7336458.0 -77705.10042352974 
7171836.0 -72647.18918960169 
7167508.0 -72044.80578278005 
8452410.0 -85177.41104119271 
8063266.0 -82430.50081473682 
8063297.0 -82514.19531852845 
8077154.0 -82734.71527829766 
7658489.0 -80288.50712386519 
7289115.0 -76555.21004594117 
7310636.0 -76586.65487663448 
7236337.0 -76034.10313090682 
7216127.0 -76017.47333250567 
7282645.0 -76234.56130725145 
7320391.0 -76594.48929246515 
8114992.0 -85101.4162533544 
8213618.0 -85133.20331855863 
8096839.0 -83089.24483232945 
7711258.0 -81184.65781410364 
7700211.0 -81143.90166930482 
7188811.0 -72988.46747997776 
7341122.0 -77987.93874114566 
7378876.0 -78380.39786415547 
7379748.0 -78521.04453652352 
7371188.0 -78104.15359912813 
7124023.0 -71329.08029612293 
8010799.0 -82026.00351350103 
8054972.0 -82084.54874455184 
7455122.0 -79167.26306171715 
7883751.0 -81294.98875593022 
7956222.0 -81731.648189269 
7908299.0 -81729.13581166137 
7485752.0 -79377.69972769544 
7605348.0 -79649.91431452706 
7571566.0 -79632.31073160935 
7550128.0 -79394.83562973142 
7174917.0 -72368.91723979823 
8071265.0 -82414.76588669699 
7249378.0 -75548.30445268005 
7229831.0 -75231.23092983663 
7275250.0 -75633.6875591937 
7219243.0 -73108.90000633895 
7314077.0 -75885.28679270484 
7335543.0 -76023.77499479428 
8187070.0 -84577.63843448088 
8126036.0 -83210.84710303973 
8151467.0 -83236.51920038089 
8233851.0 -84792.96999715641 
8501286.0 -84904.73709662259 
8622189.0 -85020.09842645377 
7847290.0 -81179.8158918107 
7704182.0 -80791.15618806425 
7783493.0 -80985.51436744723 
7827558.0 -81042.68591606058 
7346972.0 -76446.54615636915 
7357340.0 -77951.9554435201 
7380651.0 -78090.60563855991 
7160149.0 -70934.09639078006 
7203101.0 -72115.38688466698 
8544308.0 -84838.10763605405 
7361067.0 -77874.60760600865 
7539408.0 -79245.28595243767 
