7372895.0 -80053.89214740694 
8498440.0 -86131.48582471185 
8049254.0 -83600.62774006277 
8181805.0 -85285.11672989465 
7183682.0 -76734.10382530093 
8096474.0 -85170.53267418966 
7760655.0 -82141.39484389871 
8530229.0 -86596.3110154944 
7740124.0 -81949.15583380312 
7373832.0 -80546.95979166031 
7329986.0 -79418.76306927204 
7531874.0 -81631.3150549084 
7841490.0 -83471.28100531199 
8608858.0 -86647.034946803 
7885858.0 -83499.38230936602 
7037610.0 -70707.3119230601 
7068506.0 -76286.56447464693 
7051093.0 -71405.08405733109 
8069942.0 -83857.95619882038 
8072428.0 -84294.2203554213 
7267776.0 -78913.19124643505 
8506938.0 -85585.94818622246 
8512992.0 -85935.47870563716 
8523173.0 -85990.73089867458 
8452410.0 -85177.41104119271 
8489496.0 -85194.21000199765 
7190162.0 -76675.74110466242 
8114992.0 -85101.4162533544 
8213618.0 -85133.20331855863 
8111570.0 -84757.31558446586 
8537927.0 -86592.50428332761 
8532009.0 -86257.65648403019 
7521994.0 -80244.06658757478 
7442060.0 -80114.74308011308 
7393409.0 -79979.02035180107 
7337028.0 -79093.37791221589 
7381034.0 -79186.666837506 
7693857.0 -81358.77891488699 
7735980.0 -81455.83893915638 
7537303.0 -81258.95778694376 
7848218.0 -81686.41077333782 
7873811.0 -82867.47099681222 
8048708.0 -83375.39405652694 
8055417.0 -83423.2894347161 
8039826.0 -83183.62994197011 
7043713.0 -70524.98571803421 
7102306.0 -71898.63687816635 
7097564.0 -71668.10684804618 
7106137.0 -71999.04630762339 
7127149.0 -75407.04988339636 
7118837.0 -75100.25511850417 
7129129.0 -75813.85452180821 
7065168.0 -70674.73011370003 
8077361.0 -83584.02011753246 
8101249.0 -84288.94844267657 
7318632.0 -78864.79188103229 
7271517.0 -76824.5071470961 
7272781.0 -78299.24717313051 
8512154.0 -85569.56158745778 
8525324.0 -85796.86099801958 
7193035.0 -76120.08664249629 
7271221.0 -76557.23367792694 
7226078.0 -76517.22396224737 
8233851.0 -84792.96999715641 
8432069.0 -84835.28149494156 
8501286.0 -84904.73709662259 
8153094.0 -84738.11614504084 
7395555.0 -79372.90351973474 
7413350.0 -79868.52757285535 
7360488.0 -79066.1818119809 
7782043.0 -81321.60940257646 
7803847.0 -81416.87651142571 
7560381.0 -81254.15719927847 
7549357.0 -80102.11146414652 
7875530.0 -81772.82743577007 
7891133.0 -81870.61190505419 
8038073.0 -82790.07742875535 
7936748.0 -82720.63287515566 
7909754.0 -81916.56544155814 
7109675.0 -71816.7028990984 
7106349.0 -71604.50690867007 
7119106.0 -72157.91677924246 
7131395.0 -72693.39655293291 
7135338.0 -74732.46046689153 
7135649.0 -75662.79670437891 
8097396.0 -83491.43890037388 
8085987.0 -83094.37235728418 
7338097.0 -78816.73903437704 
7285748.0 -77181.07440082543 
7297338.0 -77771.66488773376 
8515012.0 -85013.86575305462 
7115317.0 -69862.216314435 
8271373.0 -84341.97168597206 
7464401.0 -79408.93744438887 
8157192.0 -83829.08339576423 
7124023.0 -71329.08029612293 
8066869.0 -82766.74905191455 
7338188.0 -78670.90765101556 
7578453.0 -80477.6267202869 
7138589.0 -73218.0615433231 
