7793224.0 -767.6274070739746 
7056677.0 3402.930414199829 
7215586.0 1875.2422218322754 
7095066.0 2927.298120498657 
7064888.0 3237.500916481018 
7225907.0 1672.2841348648071 
7150092.0 1898.7155933380127 
7233280.0 1555.063289642334 
6724477.0 8058.625304222107 
7107837.0 2555.333787918091 
7827717.0 -976.604923248291 
7272501.0 505.9795923233032 
6683017.0 8936.749353408813 
6761122.0 4531.984227180481 
6877774.0 4384.2757568359375 
6694134.0 8313.878616333008 
7691877.0 -500.3616056442261 
7121534.0 2100.7252702713013 
6741999.0 7847.965653419495 
6924974.0 3760.4415369033813 
6990611.0 3470.784327507019 
7097211.0 3334.837555885315 
7245241.0 1797.9757690429688 
7328121.0 635.8768949508667 
7300596.0 1170.38547706604 
7425680.0 588.0383996963501 
6692143.0 9055.474036216736 
6850623.0 4820.408134460449 
6826485.0 4869.127303123474 
6811943.0 5986.618001937866 
6792527.0 6094.455468177795 
6782318.0 6267.820798873901 
6888458.0 4649.328988075256 
6715227.0 8533.824188232422 
7767531.0 400.9782381057739 
7789775.0 -103.37253189086914 
7785385.0 285.7933750152588 
7747257.0 529.2847728729248 
7818054.0 -139.67280960083008 
7829990.0 -205.45259761810303 
7930715.0 -443.1650142669678 
7224466.0 2417.0340728759766 
7209177.0 2829.332811355591 
7131978.0 3313.0871839523315 
6750067.0 8013.465302467346 
6929354.0 4084.244471549988 
6949905.0 4066.1161365509033 
6994033.0 3724.568892478943 
7074783.0 3613.935824394226 
7103368.0 3577.2284183502197 
7250046.0 2108.9450254440308 
7419103.0 727.0345325469971 
7380338.0 958.3967761993408 
7341425.0 1487.8254833221436 
7302263.0 2004.5745973587036 
7570022.0 677.9913234710693 
6863579.0 5093.1006689071655 
6835807.0 5354.072004318237 
6833685.0 6207.271602630615 
6788948.0 7891.603137969971 
6826282.0 7640.366597175598 
6831516.0 6394.001830101013 
6889133.0 4986.296236038208 
6913228.0 4745.3975439071655 
6725842.0 10892.064583778381 
6736639.0 10550.643384933472 
6742830.0 9848.180276870728 
7807087.0 11.48886775970459 
7803706.0 418.4367027282715 
7755879.0 618.328652381897 
7783442.0 576.9683790206909 
7783574.0 541.503303527832 
7844189.0 -182.86911296844482 
7249857.0 3216.0614013671875 
7147993.0 3347.746594429016 
6751676.0 9623.326272964478 
6751175.0 9839.103831291199 
6752603.0 9555.339269638062 
6775465.0 8442.44633102417 
6753291.0 8814.570439338684 
6955089.0 4721.156725883484 
7014994.0 4516.508899688721 
7065009.0 4017.499105453491 
7017775.0 4146.833349227905 
6996121.0 4542.330899238586 
7084419.0 3817.3404474258423 
6744122.0 10615.428351402283 
7922006.0 -44.90606880187988 
7065449.0 4064.1291427612305 
7255035.0 2140.481587409973 
7688544.0 715.1904716491699 
7512397.0 842.9787006378174 
7779708.0 681.1725997924805 
6836265.0 7349.745788574219 
6850902.0 6104.687472343445 
6793489.0 8115.391369819641 
7838859.0 272.3386821746826 
6776647.0 8989.89484500885 
7439351.0 1027.5580787658691 
6882500.0 5118.242846488953 
