7215586.0 1875.2422218322754 
7225907.0 1672.2841348648071 
7150092.0 1898.7155933380127 
7233280.0 1555.063289642334 
7272501.0 505.9795923233032 
6761122.0 4531.984227180481 
7121534.0 2100.7252702713013 
6773352.0 4514.143627166748 
6686600.0 6446.185168266296 
7402603.0 -458.2091073989868 
6676433.0 6579.42872428894 
7357913.0 436.50262355804443 
6827641.0 3461.194088935852 
7100018.0 2548.0518131256104 
7252427.0 960.6593437194824 
7666127.0 -688.2760667800903 
6850633.0 2721.019609451294 
7661796.0 -554.7541122436523 
6577522.0 10364.068460464478 
7243301.0 1427.2379150390625 
6792978.0 3756.904076576233 
6647726.0 10310.867071151733 
7392092.0 5.600775718688965 
6786745.0 4059.5013694763184 
7088268.0 2589.5954065322876 
7720165.0 -1020.6916074752808 
6728754.0 5057.047075271606 
6573409.0 10513.064827919006 
7814454.0 -1294.4699478149414 
7243230.0 1735.633596420288 
7328121.0 635.8768949508667 
7287108.0 943.2726850509644 
7320296.0 779.7790250778198 
7164414.0 2220.795413017273 
7124790.0 2328.8255796432495 
7519398.0 -304.89867305755615 
7603206.0 -438.2519750595093 
6705846.0 6881.858407974243 
6726331.0 6670.589327812195 
6681563.0 7281.798198699951 
6714652.0 6814.581286430359 
7375972.0 631.5190553665161 
7377101.0 479.2997827529907 
7107837.0 2555.333787918091 
7275276.0 1362.2243938446045 
7073958.0 2872.254762649536 
7040033.0 2976.896249771118 
6954744.0 2980.812565803528 
6855334.0 3267.9796018600464 
7691877.0 -500.3616056442261 
7264216.0 1517.9563093185425 
6851907.0 3982.4990015029907 
7418618.0 11.700936317443848 
7407838.0 67.06137275695801 
6817118.0 4318.382326126099 
7793224.0 -767.6274070739746 
6733216.0 5454.831832885742 
6781833.0 5111.916261672974 
6666083.0 11399.349711418152 
7827717.0 -976.604923248291 
7245241.0 1797.9757690429688 
7259912.0 1748.381314277649 
7374125.0 662.8427076339722 
7291787.0 945.2451019287109 
7190768.0 2228.764627456665 
7187224.0 2398.7549228668213 
7543212.0 -200.8068904876709 
6706590.0 6952.1190547943115 
6683017.0 8936.749353408813 
6683794.0 7317.101560592651 
7377561.0 607.1992921829224 
7136436.0 2575.5539531707764 
7172016.0 2562.887894630432 
7276923.0 1438.5795764923096 
7087041.0 2910.9334802627563 
7062077.0 3122.5725717544556 
7041964.0 3265.3607664108276 
7076183.0 3029.529797554016 
7011629.0 3438.057433128357 
6990611.0 3470.784327507019 
6972449.0 3474.6374521255493 
6880794.0 3691.79297542572 
7762530.0 -324.19374656677246 
7772995.0 -394.1574296951294 
7418107.0 72.19482040405273 
6826485.0 4869.127303123474 
6831838.0 4737.915351867676 
6877774.0 4384.2757568359375 
6847639.0 4702.556809425354 
7793485.0 -638.3186407089233 
6759675.0 5598.849614143372 
6738982.0 6713.4609479904175 
6751697.0 6454.255271911621 
6787708.0 5319.980444908142 
7830449.0 -730.534613609314 
7937919.0 -913.0568780899048 
7892555.0 -786.9383249282837 
6691197.0 7711.868443489075 
7847036.0 -727.1004543304443 
7721534.0 -75.57884216308594 
