6686600.0 6446.185168266296 
6676433.0 6579.42872428894 
6850633.0 2721.019609451294 
6792978.0 3756.904076576233 
6786745.0 4059.5013694763184 
6816914.0 3693.587770462036 
6746282.0 4192.318555831909 
7355811.0 -759.228814125061 
7235313.0 252.1368055343628 
7347378.0 -309.37260818481445 
6743182.0 4895.160663604736 
6658401.0 6787.54850769043 
7424541.0 -1243.8949117660522 
7304726.0 -108.44970703125 
6833416.0 2847.586001396179 
6692964.0 6396.186248779297 
6820071.0 3452.624080657959 
6913702.0 1835.2301950454712 
7460173.0 -3117.220471382141 
6697320.0 5010.790623664856 
7113272.0 1348.5344076156616 
6513958.0 7548.53489112854 
7017018.0 1548.8034706115723 
6604215.0 7236.7565574646 
6692041.0 6779.388204574585 
6798504.0 4148.318264961243 
6761122.0 4531.984227180481 
6773352.0 4514.143627166748 
6777596.0 4279.494203567505 
7374323.0 -569.3185234069824 
7402028.0 -622.8670949935913 
7272501.0 505.9795923233032 
7238026.0 887.3193950653076 
6681242.0 6885.577716827393 
6669002.0 6957.400163650513 
7317806.0 327.5554475784302 
7322280.0 186.65142917633057 
7353476.0 -54.466848373413086 
6855334.0 3267.9796018600464 
6898454.0 3101.658390045166 
6876317.0 3222.268229484558 
6834314.0 3277.2927379608154 
6827641.0 3461.194088935852 
6820423.0 4111.274345397949 
6936145.0 2634.024863243103 
6951346.0 2296.169108390808 
7006227.0 2045.2567930221558 
7463403.0 -2591.68963432312 
6728754.0 5057.047075271606 
6698286.0 6131.796973228455 
7146128.0 1375.9194650650024 
6554594.0 7839.337749481201 
6519197.0 8660.28518486023 
7140075.0 1905.6883459091187 
6762940.0 4559.057996749878 
6791061.0 4374.77420425415 
7375080.0 -449.0893898010254 
7402603.0 -458.2091073989868 
7285877.0 644.1679439544678 
7252427.0 960.6593437194824 
6674653.0 7607.702613830566 
6681270.0 6990.643502235413 
7328121.0 635.8768949508667 
7357913.0 436.50262355804443 
6910700.0 3327.847915649414 
6872271.0 3457.843991279602 
6840081.0 3931.920495033264 
6954744.0 2980.812565803528 
6956027.0 2473.0179738998413 
7121534.0 2100.7252702713013 
7012336.0 2271.294686317444 
7496167.0 -1763.6395111083984 
7469646.0 -1553.2926721572876 
6733216.0 5454.831832885742 
6753247.0 5186.3906898498535 
6700858.0 6705.815718650818 
6701842.0 6322.383481025696 
7225907.0 1672.2841348648071 
7150092.0 1898.7155933380127 
7233280.0 1555.063289642334 
7155761.0 1874.5605125427246 
7237950.0 1492.885763168335 
6618436.0 8419.834272384644 
6631436.0 7926.620072364807 
6547722.0 9818.501707077026 
6541657.0 10021.25555229187 
6564180.0 9605.407335281372 
6573896.0 9139.300864219666 
6528976.0 11032.056823730469 
7546326.0 -1742.834602355957 
6554207.0 9981.328598976135 
6851907.0 3982.4990015029907 
7427617.0 -50.95836925506592 
6963974.0 3604.2830743789673 
6638189.0 8234.404302597046 
7410064.0 814.2532644271851 
7517659.0 -593.9873857498169 
6977320.0 2516.176070213318 
6788375.0 4662.426328659058 
7118063.0 2347.864128112793 
