6746282.0 4192.318555831909 
6833416.0 2847.586001396179 
7460173.0 -3117.220471382141 
6513958.0 7548.53489112854 
7405295.0 -1801.9529438018799 
7390753.0 -1436.0193881988525 
6779407.0 3831.4286947250366 
7372419.0 -1325.4688177108765 
6826508.0 3065.1830587387085 
6802353.0 3394.685461997986 
6989728.0 402.09837436676025 
7420460.0 -2756.454080581665 
7122534.0 -242.66585063934326 
6998495.0 -34.23555946350098 
6683646.0 4217.403705596924 
7185707.0 -561.7828130722046 
6678810.0 4569.311772346497 
7245365.0 -896.3805198669434 
6840273.0 2256.7476081848145 
6966597.0 718.3556413650513 
6899654.0 1699.2924175262451 
6790361.0 3401.8421878814697 
6629789.0 4590.273923873901 
6553439.0 6493.809938430786 
6571362.0 6150.207637786865 
6896202.0 2211.2185525894165 
7487502.0 -2927.074990272522 
6519197.0 8660.28518486023 
6515418.0 9393.99178981781 
6528600.0 8389.861477851868 
6786745.0 4059.5013694763184 
7401139.0 -1143.5164051055908 
6833850.0 3246.0758056640625 
7463403.0 -2591.68963432312 
7424541.0 -1243.8949117660522 
7434722.0 -2413.8870916366577 
7183593.0 249.77563858032227 
6784107.0 4231.226441383362 
6707424.0 4232.615238189697 
7186619.0 196.60181045532227 
7355811.0 -759.228814125061 
7357416.0 -850.3748207092285 
7336143.0 -734.6326847076416 
7304726.0 -108.44970703125 
6841196.0 2668.827308654785 
7000907.0 1564.9174156188965 
7174361.0 822.207953453064 
7004829.0 1288.9717302322388 
7010362.0 906.6359453201294 
6913702.0 1835.2301950454712 
6792978.0 3756.904076576233 
6820071.0 3452.624080657959 
6825764.0 3435.2259492874146 
6807420.0 3554.1896409988403 
6697320.0 5010.790623664856 
6682763.0 5110.687550544739 
6568110.0 7132.257668495178 
6554594.0 7839.337749481201 
6670315.0 6494.4538469314575 
6591330.0 6513.012671470642 
6913539.0 2498.8094720840454 
6521451.0 9310.712063789368 
7460118.0 -2130.341541290283 
7194789.0 900.730993270874 
7042824.0 949.6242303848267 
6850633.0 2721.019609451294 
7005163.0 1799.163166999817 
7235313.0 252.1368055343628 
7347378.0 -309.37260818481445 
6595388.0 8111.756865501404 
6566496.0 8475.723210334778 
6936145.0 2634.024863243103 
7363854.0 -777.0769920349121 
6834314.0 3277.2927379608154 
6708080.0 5491.955926895142 
6525197.0 8716.20339679718 
7401218.0 -1089.9661960601807 
7013432.0 1014.3356685638428 
7441928.0 -1637.7646579742432 
6952350.0 1972.0290803909302 
7311681.0 219.24969482421875 
6607448.0 6904.950173377991 
7439415.0 -1180.5528364181519 
6752040.0 4358.067192077637 
6809154.0 3630.407968521118 
6777596.0 4279.494203567505 
7322280.0 186.65142917633057 
6658401.0 6787.54850769043 
6595768.0 7362.99513053894 
6728754.0 5057.047075271606 
6743182.0 4895.160663604736 
6700164.0 6093.014311790466 
6794970.0 3909.005859375 
7216598.0 582.5754852294922 
7206456.0 597.0209398269653 
6951346.0 2296.169108390808 
6936334.0 2322.3564405441284 
6604215.0 7236.7565574646 
6676433.0 6579.42872428894 
6692964.0 6396.186248779297 
