7460173.0 -3117.220471382141 
6683646.0 4217.403705596924 
6678810.0 4569.311772346497 
6629789.0 4590.273923873901 
7412776.0 -2789.397148132324 
6978399.0 -455.51132678985596 
7490542.0 -3247.6899576187134 
6671913.0 4587.639485359192 
6963398.0 237.21350383758545 
6500021.0 6081.168203353882 
6510719.0 5837.170372009277 
6448645.0 8710.908994674683 
6722365.0 3754.7268991470337 
7467936.0 -3133.903868675232 
7530095.0 -3304.2427463531494 
7017588.0 -731.7921047210693 
6459705.0 7638.96694278717 
7195906.0 -2724.452262878418 
6575177.0 5370.405717849731 
6756785.0 1300.9251880645752 
7065835.0 -1158.434471130371 
6463637.0 6405.324231147766 
6707424.0 4232.615238189697 
6689250.0 4315.688572883606 
6662906.0 4772.080044746399 
6652976.0 4903.162591934204 
7420460.0 -2756.454080581665 
6998495.0 -34.23555946350098 
6675704.0 4685.743878364563 
6966597.0 718.3556413650513 
6989728.0 402.09837436676025 
6967084.0 585.7912549972534 
6970924.0 423.494610786438 
6567185.0 6108.152396202087 
6564153.0 6118.3913230896 
6456277.0 9742.971182823181 
6728145.0 4139.620029449463 
7487502.0 -2927.074990272522 
7479407.0 -2819.6278381347656 
7025225.0 -305.6778688430786 
7025997.0 -567.5770502090454 
7018963.0 -146.47164058685303 
7405295.0 -1801.9529438018799 
7210695.0 -1605.3997106552124 
6581938.0 5431.846558570862 
6577181.0 6038.880376815796 
6899654.0 1699.2924175262451 
6898287.0 2050.3268337249756 
6773769.0 2321.6188821792603 
6760323.0 3706.142300605774 
6835431.0 2226.8529596328735 
6869592.0 2147.4303979873657 
6866095.0 2171.807412147522 
7105065.0 -696.4716176986694 
6495898.0 7369.446762084961 
6553439.0 6493.809938430786 
6519278.0 6837.860731124878 
6537357.0 6633.127962112427 
6714256.0 4392.8269720077515 
6711185.0 4393.684970855713 
6663810.0 4773.789575576782 
6653385.0 5429.829986572266 
7445369.0 -2614.77303981781 
7427912.0 -2132.4180479049683 
7434722.0 -2413.8870916366577 
6703391.0 4689.704975128174 
6974950.0 844.8406343460083 
7009010.0 432.80620765686035 
6571362.0 6150.207637786865 
6463177.0 9897.612306594849 
6746282.0 4192.318555831909 
7573602.0 -2685.826177597046 
7028292.0 -71.74692344665527 
7082829.0 -82.56182193756104 
7372419.0 -1325.4688177108765 
7378979.0 -1562.952639579773 
7235442.0 -1264.3898258209229 
6652875.0 5647.852114677429 
6604153.0 5742.4420166015625 
6602702.0 6106.158416748047 
6907418.0 1741.7173233032227 
6784502.0 3328.4714193344116 
6812670.0 2769.8256330490112 
6809395.0 2845.8728580474854 
6771214.0 4020.443202972412 
6779407.0 3831.4286947250366 
6762812.0 4090.595359802246 
6840273.0 2256.7476081848145 
6839497.0 2735.399965286255 
6896202.0 2211.2185525894165 
7211055.0 -651.6089000701904 
7126247.0 -393.64914989471436 
7122534.0 -242.66585063934326 
7157849.0 -643.6146240234375 
6513958.0 7548.53489112854 
6501619.0 9721.752628326416 
6507281.0 7933.16956615448 
6521536.0 7098.327210426331 
6546993.0 6771.407250404358 
6468929.0 12482.340393066406 
