233940.0 43892.655555555415 
231567.0 44436.49027777764 
232847.0 44012.655555555415 
226390.0 45352.159722222066 
222688.0 46125.251111111276 
228300.0 44921.45888888873 
230382.0 44472.829444444586 
235249.0 43511.25388888875 
236525.0 43319.25388888875 
227024.0 45113.45888888873 
228299.0 45014.59277777762 
224622.0 45614.860555555395 
223066.0 45906.26000000017 
229722.0 44735.751111111254 
224376.0 45638.860555555395 
225715.0 45494.860555555395 
230218.0 44689.751111111254 
223742.0 45877.56138888873 
273254.0 39335.73611111101 
258517.0 40338.74277777781 
254367.0 40343.54388888889 
192309.0 54787.634722222196 
268106.0 39559.74999999989 
202170.0 51347.50749999998 
209978.0 48887.344444444425 
182205.0 59655.18333333355 
198525.0 52058.41361111109 
199120.0 51804.41361111109 
259134.0 40197.7638888886 
199978.0 51432.81138888888 
267260.0 39687.74999999988 
246607.0 41449.85277777785 
248124.0 41045.270555555624 
261909.0 40175.89166666638 
188135.0 56745.839166666636 
205633.0 49663.09861111109 
197644.0 52451.26722222221 
207861.0 49093.59583333331 
220093.0 46266.883055555554 
186868.0 57561.69277777775 
239496.0 42658.131111111215 
263553.0 39913.652777777665 
208676.0 48981.14555555553 
247638.0 41202.91611111119 
270340.0 39485.127500000235 
238901.0 42865.776666666774 
241076.0 42412.87333333344 
215161.0 47302.88000000023 
251545.0 40784.20611111112 
188640.0 56519.64027777775 
272615.0 39463.736111111 
201247.0 51427.408055555534 
196496.0 52835.717499999984 
186464.0 57825.944166666646 
235905.0 43346.71333333345 
261924.0 40061.97166666679 
185679.0 58001.29000000028 
213010.0 47668.040555555555 
184000.0 58701.61166666658 
270496.0 39478.759166666896 
202843.0 50780.0047222222 
252850.0 40748.20611111112 
183429.0 59015.02333333391 
240991.0 42641.194444444554 
207100.0 49433.198055555535 
189995.0 55834.53527777775 
178899.0 61478.800000000214 
217228.0 46965.537777777776 
242154.0 42140.257777777886 
181568.0 60152.66666666688 
193944.0 53972.17888888886 
265346.0 39694.94111111143 
221566.0 46176.43277777777 
218106.0 46657.58472222222 
215853.0 47016.88000000023 
232059.0 44181.19500000009 
224244.0 45840.83111111134 
250235.0 41023.87166666667 
182776.0 59402.92555555546 
180724.0 60536.62194444435 
206841.0 49542.74777777775 
179516.0 61347.896666667264 
222866.0 45917.37222222246 
234205.0 43707.850000000115 
203604.0 50440.40249999998 
214573.0 47472.80500000023 
187287.0 57135.64027777775 
193096.0 54361.979999999974 
179676.0 60999.26666666688 
251086.0 41017.37499999987 
229651.0 44917.93000000002 
243617.0 41857.14388888899 
224294.0 45657.5366666669 
191030.0 55483.43583333331 
195077.0 53548.86944444443 
189338.0 56275.64027777775 
237559.0 42904.13111111122 
195769.0 53262.86944444443 
191351.0 55155.833611111084 
185347.0 58277.944166666646 
212318.0 47954.040555555555 
211257.0 48191.54333333333 
245302.0 41485.85277777785 
210565.0 48477.54333333333 
263891.0 39796.147222221945 
183390.0 59316.85694444436 
219443.0 46397.78361111111 
197074.0 52590.81694444443 
233283.0 43902.74666666677 
184775.0 58345.03111111123 
236637.0 43101.0677777779 
178292.0 61986.28333333355 
178739.0 61877.753611110784 
204740.0 50077.80027777775 
184709.0 58628.568888889014 
234201.0 43843.33277777788 
244380.0 41682.789444444534 
254016.0 40383.878333333334 
288672.0 38778.80555555557 
276445.0 39235.49666666657 
279372.0 39219.97333333323 
285423.0 38901.403333333226 
287837.0 38806.80555555557 
286258.0 38873.40333333323 
282129.0 39032.11722222223 
283103.0 38984.11722222224 
280689.0 39077.97333333323 
280515.0 39183.0199999999 
310494.0 38365.43999999977 
301138.0 38482.386666666454 
295413.0 38724.512222222394 
305163.0 38386.413333333105 
305971.0 38382.413333333105 
125488.0 93532.95222222182 
150355.0 75857.35111111088 
127241.0 91712.62888888843 
148051.0 76432.11555555517 
128314.0 90147.74694444406 
141699.0 79819.9638888887 
129966.0 88711.58111111064 
147005.0 76766.70222222204 
144736.0 77958.59555555516 
126098.0 92614.19111111063 
168660.0 65540.29666666633 
151811.0 73963.4477777781 
146140.0 77277.35555555517 
137422.0 81828.73416666666 
161647.0 68362.2655555554 
142661.0 79004.76083333314 
172196.0 64170.62166666614 
160820.0 68729.94222222184 
145311.0 77510.64444444426 
128388.0 89749.93138888851 
132940.0 85205.59999999982 
135660.0 83776.49333333339 
156847.0 70902.57055555539 
133799.0 84966.84249999981 
155941.0 71685.52722222205 
175970.0 63008.13666666616 
150364.0 75088.90472222258 
132611.0 85687.33999999965 
143690.0 78394.55777777759 
169931.0 64915.03944444393 
158913.0 69417.16444444428 
138357.0 81282.9966666667 
131335.0 87148.81111111074 
128924.0 89227.14333333286 
131535.0 86461.94999999981 
151391.0 74471.44027777814 
126705.0 92233.95944444404 
134886.0 84216.79916666672 
164743.0 67407.0480555554 
153071.0 73038.46333333333 
129988.0 88097.2152777774 
139761.0 80612.1116666667 
130150.0 87992.76138888851 
150900.0 74507.44027777814 
150855.0 75052.90472222258 
132071.0 85882.60999999981 
140072.0 80325.81666666668 
136122.0 83300.27083333362 
162476.0 68121.28444444407 
159991.0 68970.20777777761 
157849.0 70339.13555555539 
138317.0 81701.87083333333 
127080.0 91817.13777777732 
135103.0 84074.5041666667 
158310.0 69950.14999999983 
152452.0 73511.36388888923 
141495.0 80130.19583333314 
141143.0 80310.38500000002 
136658.0 82717.25527777807 
136886.0 82410.46083333336 
154885.0 71935.02222222283 
153873.0 72426.83555555617 
152171.0 73672.46222222285 
150856.0 74969.96444444508 
161615.0 68426.85999999984 
179483.0 61412.87861111097 
163530.0 67466.93666666647 
156160.0 71647.90500000033 
165200.0 67321.61666666648 
171053.0 64211.104999999625 
177324.0 62077.981944444735 
166100.0 66559.95666666646 
165450.0 66885.95666666648 
156992.0 70873.2005555559 
167937.0 65668.24833333296 
167905.0 66081.29277777784 
176402.0 62584.14305555573 
178799.0 61834.193055555836 
162705.0 67860.36833333327 
173728.0 63315.60277777764 
177016.0 62383.82916666684 
170218.0 64575.72833333296 
157479.0 70494.49611111145 
169436.0 65090.104999999625 
167337.0 66367.23888888866 
172422.0 64074.106111110974 
175278.0 63178.45416666696 
172893.0 63680.10166666653 
156647.0 71269.20055555589 
172445.0 64003.20749999967 
