258595.0 39575.76666666674 
269523.0 38875.916666666744 
255807.0 39938.8708333334 
315294.0 38287.23750000014 
259411.0 39434.48333333341 
265511.0 38990.27500000007 
260796.0 39239.5583333334 
263211.0 39205.20000000008 
253037.0 40138.35499999984 
274238.0 38720.99166666674 
268608.0 38895.91666666674 
257232.0 39735.76666666674 
253870.0 39965.824999999844 
318915.0 38182.09916666681 
273458.0 38724.991666666734 
272483.0 38758.633333333404 
264596.0 39010.27500000007 
308505.0 38442.742500000175 
250858.0 40439.374999999854 
251691.0 40266.84499999984 
297117.0 38704.573333333305 
307421.0 38444.742500000175 
301270.0 38550.081666666636 
302646.0 38498.28499999997 
298493.0 38652.77666666663 
320022.0 38172.099166666805 
299577.0 38650.77666666663 
303730.0 38496.28499999997 
313624.0 38295.23750000015 
197153.0 53349.78000000055 
194602.0 54982.57166666727 
222172.0 44399.474999999824 
246600.0 40710.637777777854 
195111.0 54459.68666666723 
205371.0 50373.19999999979 
190172.0 57972.58555555616 
187427.0 59850.01499999999 
208018.0 49114.3400000005 
206066.0 50189.20000000052 
184390.0 61640.85555555565 
223729.0 43979.05555555597 
192289.0 56613.344444445014 
190620.0 57693.785000000615 
185227.0 61351.595555556 
214939.0 46310.65111111156 
218138.0 45210.80666666711 
188349.0 59172.43000000008 
184129.0 62416.51444444454 
198454.0 52748.85777777832 
193935.0 55084.60888888945 
200180.0 52006.951111111644 
198989.0 52520.920000000544 
182159.0 63592.16666666676 
244641.0 40947.10888888884 
251569.0 40352.16444444452 
196728.0 53475.74888888944 
208628.0 48696.371111111606 
206816.0 49934.246666667175 
191488.0 56884.981666667256 
186599.0 60420.17333333377 
189739.0 58824.0766666665 
207581.0 49651.26222222272 
211459.0 47367.51111111159 
203415.0 51180.9999999998 
216623.0 45681.12499999983 
203992.0 50856.122222222744 
222521.0 44057.05555555597 
242820.0 41332.95000000016 
217396.0 45447.17499999983 
195776.0 54394.64000000056 
243793.0 41166.61333333329 
233127.0 42124.94166666652 
199664.0 52463.90444444498 
209865.0 48205.38666666715 
187862.0 59643.69944444452 
193347.0 55636.374999999796 
210611.0 47918.43333333381 
240403.0 41605.82777777793 
215877.0 45968.04999999983 
185943.0 60805.946111111196 
197864.0 52953.84222222277 
209143.0 48314.402222222714 
218959.0 45003.32499999983 
192697.0 55895.3750000006 
219813.0 44785.915555555985 
237851.0 41691.26666666681 
183180.0 62983.28000000013 
196213.0 53857.717777778336 
220563.0 44530.962222222646 
221461.0 44515.474999999824 
202708.0 51345.044444444975 
213974.0 46551.66666666713 
202134.0 51499.044444444975 
230528.0 42712.39222222231 
200770.0 51801.9666666672 
238985.0 41625.27722222208 
241346.0 41451.86111111097 
212252.0 47028.55777777825 
235434.0 41964.14444444459 
201305.0 51574.02888888942 
250498.0 40450.98055555552 
236377.0 41810.1094444443 
234016.0 41983.52555555541 
204598.0 50607.1499999998 
245529.0 40809.10888888885 
231343.0 42582.37055555565 
228156.0 43055.795000000064 
229681.0 42928.41388888898 
249609.0 40592.35666666663 
247890.0 40635.73277777774 
225715.0 43438.7833333334 
224788.0 43630.76777777784 
232227.0 42350.46111111125 
226746.0 43156.791111111175 
213128.0 46901.5733333338 
259002.0 39444.290000000154 
258072.0 39654.29000000016 
257572.0 39680.290000000154 
256043.0 39890.290000000154 
170918.0 73382.57666666746 
189069.0 59161.730833333655 
176515.0 67974.95000000011 
176977.0 66673.46333333386 
171980.0 73083.9461111119 
172973.0 71860.49388888966 
179541.0 65163.76666666615 
180467.0 64927.93166666653 
178245.0 66287.95333333386 
169646.0 75777.61888888918 
170669.0 74357.53333333337 
173618.0 71010.23277777854 
172226.0 72410.39833333412 
175200.0 69191.43666666736 
169692.0 74871.6466666675 
175802.0 68341.90166666733 
178535.0 65623.02833333348 
185005.0 61450.43722222208 
182659.0 63362.536666666536 
181649.0 63652.316666666535 
169101.0 76409.68888888894 
185786.0 61056.39749999989 
174338.0 69989.51944444515 
184238.0 62167.04999999981 
183325.0 62844.98388888876 
180950.0 64199.2433333332 
187813.0 59770.04583333322 
