150442.0 78067.68694444408 
152979.0 75392.21166666696 
153381.0 74812.58944444462 
151690.0 76504.79722222239 
153783.0 74449.48055555574 
154598.0 73874.33166666696 
151887.0 76403.24277777794 
152164.0 75964.13388888903 
150996.0 77315.01500000016 
150642.0 77857.23277777796 
151317.0 76931.90611111127 
270210.0 38294.249999999745 
208492.0 43331.06361111117 
205773.0 43866.984444444766 
248150.0 39332.19305555574 
198468.0 46175.00222222237 
267143.0 38421.645833333074 
217415.0 42275.68361111101 
198674.0 45785.39333333348 
247052.0 39388.04749999987 
199640.0 45510.566666666804 
242941.0 39851.35749999985 
214524.0 42698.175833333524 
204596.0 44125.211111111435 
207461.0 43833.56250000028 
267750.0 38343.909722221964 
195368.0 47446.62222222257 
243590.0 39641.35749999986 
233966.0 40631.63249999984 
260183.0 38618.173611110855 
197250.0 46526.16888888923 
245406.0 39441.35749999986 
251420.0 39008.39249999986 
236620.0 40389.7375 
201926.0 44881.437777778105 
210462.0 43044.68916666672 
269719.0 38332.249999999745 
264679.0 38458.437499999745 
210493.0 42829.94027777783 
214826.0 42452.44250000005 
237280.0 40349.68611111111 
249767.0 39056.39249999986 
239537.0 40104.66749999985 
259470.0 38681.90972222197 
200749.0 45139.664444444774 
254906.0 38821.40416666685 
196083.0 47227.64444444462 
231341.0 40716.672499999986 
230488.0 40859.962499999994 
244693.0 39505.01249999986 
252540.0 38933.10138888907 
203473.0 44673.762222222336 
189687.0 49701.75555555572 
218599.0 42025.11916666657 
190998.0 49182.53777777794 
190496.0 49665.34222222238 
222983.0 41617.09250000002 
192523.0 48612.49777777814 
197249.0 46671.65333333368 
200592.0 45413.76222222236 
191415.0 48811.32000000017 
187962.0 50624.33833333318 
193323.0 47980.08000000016 
196141.0 46898.03555555571 
257784.0 38718.4958333335 
261998.0 38594.173611110855 
187545.0 50995.15388888874 
219784.0 41761.69416666684 
194432.0 47607.59111111146 
212307.0 42801.19138888894 
221480.0 41713.11916666657 
218602.0 41885.798611111015 
212733.0 42738.68916666672 
201857.0 45024.18000000033 
216232.0 42433.004166666564 
257977.0 38706.798611111284 
203630.0 44399.664444444774 
234914.0 40461.327222222215 
189005.0 50164.9733333335 
256149.0 38797.40416666685 
263254.0 38503.645833333074 
216277.0 42314.363055555456 
186234.0 51485.265555555394 
204439.0 44398.93555555567 
232438.0 40701.38249999999 
191357.0 49167.733333333505 
193000.0 48321.68888888905 
208369.0 43701.31250000004 
234552.0 40475.0275 
189332.0 50063.36444444461 
240536.0 40042.6725 
187280.0 51087.15388888874 
192524.0 48438.27111111147 
252133.0 38944.73749999987 
288656.0 37980.759722222356 
278890.0 38263.51499999986 
284602.0 38159.23999999995 
285510.0 38123.32361111124 
287155.0 38043.239999999954 
277792.0 38268.04499999987 
277167.0 38278.04499999986 
288646.0 38002.031111111064 
276069.0 38282.574999999866 
279689.0 38232.65555555537 
286992.0 38097.20833333315 
285257.0 38145.208333333154 
279677.0 38234.65555555537 
243510.0 39783.38833333318 
249118.0 39328.466666666754 
223761.0 41326.226666666764 
225639.0 41289.19999999984 
226870.0 41066.65333333343 
228594.0 41035.87333333318 
241009.0 39874.04000000009 
229032.0 40868.86666666676 
237791.0 40274.76000000009 
223135.0 41526.86333333315 
235475.0 40440.65333333342 
231148.0 40788.86666666676 
238430.0 40187.08000000009 
226077.0 41122.4400000001 
222308.0 41618.5266666665 
236589.0 40412.790833333216 
218492.0 42243.86500000023 
239390.0 40165.44527777766 
240823.0 39950.39833333318 
186277.0 51205.87166666681 
175234.0 57661.181388889156 
182930.0 52642.61388888877 
185686.0 51663.56388888877 
176487.0 56632.463611110536 
177480.0 56130.13166666684 
176904.0 56259.06472222165 
182492.0 52902.85833333321 
183750.0 52344.77833333348 
187227.0 51102.082499999924 
181612.0 53494.224999999875 
178430.0 55501.54166666684 
180662.0 54237.45500000017 
180674.0 53978.46944444432 
187933.0 50649.95277777766 
189211.0 50107.78500000015 
184467.0 51937.32500000015 
188521.0 50458.10166666682 
190607.0 49660.33166666682 
174473.0 58042.955277777175 
177897.0 55756.40500000017 
172662.0 59398.64916666609 
182301.0 53223.95833333349 
179131.0 54973.4983333335 
182200.0 53311.13833333349 
184925.0 51698.735000000146 
175855.0 56985.96083333275 
172937.0 59293.348611110516 
181245.0 53757.90833333321 
178743.0 55294.671388888324 
179625.0 54704.3972222221 
184293.0 52116.93055555544 
180069.0 54488.045000000166 
183868.0 52158.369444444324 
172641.0 59518.29027777807 
154328.0 74004.20888888916 
157784.0 69872.39555555584 
175915.0 56819.52083333335 
157629.0 70557.34222222249 
173161.0 58903.85000000024 
169361.0 61112.47555555556 
171159.0 60070.10416666669 
171376.0 59724.7291666667 
164023.0 64517.151111111125 
158264.0 69537.4133333336 
160018.0 68145.1377777776 
159475.0 68344.94666666693 
165535.0 63893.99444444471 
177462.0 56232.77083333336 
156244.0 71561.33777777804 
170268.0 60277.45333333333 
160971.0 67212.85333333335 
158584.0 69180.40888888917 
160720.0 67662.85333333335 
161749.0 66295.86666666655 
154690.0 73604.22666666693 
174075.0 58438.67555555554 
155773.0 72072.3155555558 
173581.0 58576.58500000023 
164853.0 64353.7833333336 
156926.0 70804.35111111136 
154913.0 73425.24000000025 
176597.0 56360.354166666686 
177679.0 55887.39583333336 
162242.0 66173.44000000003 
166330.0 63528.37333333336 
164873.0 64039.91527777806 
163341.0 64976.76000000002 
163726.0 64840.76000000002 
162624.0 65628.02666666669 
175255.0 57346.06250000002 
156087.0 71921.32000000024 
155392.0 72569.28444444473 
167010.0 62551.15555555558 
159055.0 68669.43111111138 
155656.0 72528.28888888913 
168409.0 61440.28000000002 
166539.0 63066.66666666669 
165955.0 63566.17916666694 
167430.0 62223.4977777778 
169444.0 60788.86666666667 
154996.0 72980.26222222249 
168112.0 61763.888888888905 
156517.0 71261.35555555581 
174348.0 58058.8711111111 
174835.0 57673.33333333336 
161351.0 67081.1466666667 
161442.0 66697.34222222224 
178035.0 55703.395833333365 
157035.0 70693.35555555581 
158575.0 69290.40000000029 
162992.0 65619.0972222225 
172128.0 59530.03999999999 
160438.0 67818.00888888874 
