224500.0 40285.24666666678 
214365.0 41658.22750000009 
221981.0 40635.77111111124 
248770.0 38619.75555555572 
215211.0 41614.22750000009 
225098.0 40247.24666666678 
216991.0 41304.40250000008 
281298.0 37869.32500000012 
279736.0 38023.295000000115 
311530.0 37405.297222222354 
282572.0 37727.32500000012 
275632.0 38237.26500000012 
315378.0 37378.9999999999 
310211.0 37455.297222222354 
307180.0 37607.8499999999 
286186.0 37705.35500000013 
302116.0 37687.72361111124 
303701.0 37657.8499999999 
312779.0 37387.4249999999 
321296.0 37372.4249999999 
305595.0 37637.72361111124 
308762.0 37576.76111111129 
283587.0 37713.34000000012 
277921.0 38081.28000000012 
180287.0 56864.89249999996 
169343.0 66277.74722222224 
172955.0 62371.090277778116 
169948.0 65537.7625000003 
171443.0 63492.84055555559 
168363.0 67552.79416666698 
179571.0 57256.54583333365 
168962.0 66961.9025000003 
172125.0 63031.68944444448 
181338.0 55932.45249999996 
173497.0 61918.42916666701 
170424.0 64722.29388888892 
247774.0 38654.51666666658 
248892.0 38610.71249999995 
250501.0 38608.71249999995 
176501.0 58983.16666666645 
173030.0 62317.31777777756 
179097.0 57572.68250000023 
175337.0 59853.49555555534 
172377.0 62588.69111111089 
179734.0 57228.19083333356 
176020.0 59350.3311111109 
173529.0 61564.72750000024 
174758.0 60452.659999999785 
177789.0 58298.21111111091 
170490.0 64504.617500000146 
174076.0 60911.824444444224 
171695.0 63047.85555555533 
171239.0 63494.81111111089 
178427.0 57843.464444444246 
177089.0 58599.58444444424 
170848.0 64028.184444444225 
274629.0 38257.0199999998 
275890.0 38142.27666666647 
222786.0 40407.6983333331 
187893.0 50553.75333333357 
184137.0 53260.646666666384 
195394.0 46410.59555555577 
183163.0 53563.910000000265 
194836.0 46638.091111111324 
197990.0 45456.14444444464 
184235.0 52625.83333333305 
199068.0 45012.21555555575 
181616.0 55129.40666666637 
210582.0 42167.44333333328 
204348.0 43229.008055555474 
186179.0 51491.01999999971 
198612.0 45201.18888888908 
183605.0 53263.72666666638 
184732.0 52476.80666666638 
189321.0 49596.815555555775 
188408.0 50197.771111111346 
187282.0 50960.744444444674 
229483.0 39828.73138888893 
228527.0 39999.579166666714 
208028.0 42538.28999999994 
199583.0 44757.22444444462 
191632.0 48320.94000000021 
185247.0 52221.833333333045 
186717.0 51112.206666666374 
189859.0 49217.877777778005 
181351.0 55679.72916666664 
193368.0 47696.471111111336 
227808.0 40023.0030555556 
203833.0 43483.99861111103 
224418.0 40305.850833333374 
192126.0 48152.47111111132 
188806.0 49851.8066666669 
192700.0 47819.96666666689 
181978.0 54783.4599999997 
229028.0 39954.15527777782 
214029.0 41698.97861111124 
196181.0 46084.59555555577 
225286.0 40185.21166666644 
201121.0 44379.242222222405 
226094.0 40111.57916666671 
205203.0 43036.03638888881 
196824.0 45985.11777777799 
213237.0 41827.13444444439 
200370.0 44431.22444444462 
227353.0 40053.0030555556 
194321.0 46893.08222222244 
211499.0 42050.01999999994 
212370.0 41904.78888888883 
203106.0 43585.008055555474 
206721.0 42909.90555555549 
180840.0 56155.14583333331 
215589.0 41443.64472222235 
221997.0 40548.94166666643 
208962.0 42357.25111111106 
237708.0 39166.9408333332 
197416.0 45688.64888888908 
207367.0 42636.866666666596 
223895.0 40347.21166666644 
221256.0 40688.80666666643 
180481.0 56553.979166666635 
232736.0 39603.557499999944 
190374.0 48881.89555555576 
190932.0 48654.400000000205 
201870.0 44121.76444444463 
182746.0 53937.63000000027 
233395.0 39557.97083333331 
202481.0 43793.97972222214 
193753.0 47186.037777778 
182337.0 54383.566666666375 
209833.0 42212.019999999946 
234411.0 39409.119166666605 
242551.0 38760.96527777766 
180205.0 57039.710000000276 
236838.0 39168.94083333321 
220564.0 40742.67166666643 
217656.0 41058.15833333309 
219047.0 40896.158333333085 
218301.0 40941.293333333095 
240588.0 38840.96527777766 
219692.0 40779.29333333309 
217027.0 41195.02333333308 
185663.0 51769.99333333305 
236314.0 39328.9408333332 
235444.0 39330.94083333321 
205848.0 42919.55055555547 
241794.0 38782.45916666655 
216472.0 41432.672222222165 
238513.0 38974.459166666544 
231479.0 39654.22749999977 
230460.0 39811.067499999976 
243384.0 38669.47138888877 
239509.0 38862.96527777765 
256530.0 38300.49333333338 
254167.0 38326.17333333326 
250716.0 38568.13888888891 
252345.0 38564.311111111034 
258161.0 38284.36000000009 
253128.0 38541.67777777771 
